134, 148, 1722, 163, 1645, 975, 204, 988
134, 148, 1722, 163, 1644, 975, 204, 988
134, 148, 1722, 163, 1643, 975, 204, 988
133, 148, 1722, 163, 1643, 975, 204, 988
133, 148, 1722, 163, 1643, 975, 204, 988
133, 148, 1722, 163, 1643, 976, 204, 988
133, 148, 1722, 163, 1643, 976, 204, 988
133, 148, 1722, 163, 1643, 976, 204, 988
133, 148, 1722, 163, 1642, 976, 204, 987
133, 148, 1722, 163, 1642, 976, 204, 987
133, 148, 1722, 163, 1642, 976, 203, 987
133, 148, 1722, 163, 1642, 976, 203, 987
133, 148, 1722, 163, 1643, 977, 203, 987
133, 148, 1722, 163, 1643, 977, 203, 987
133, 148, 1722, 163, 1643, 977, 203, 987
133, 148, 1722, 163, 1643, 977, 204, 987
133, 148, 1722, 163, 1643, 977, 204, 987
133, 148, 1722, 163, 1643, 977, 204, 987
133, 148, 1722, 163, 1643, 978, 204, 987
133, 148, 1722, 163, 1643, 978, 204, 987
133, 148, 1722, 163, 1643, 978, 204, 987
133, 148, 1722, 163, 1643, 978, 204, 987
133, 148, 1722, 163, 1643, 978, 205, 987
133, 148, 1722, 163, 1643, 978, 205, 987
133, 148, 1722, 163, 1643, 978, 205, 987
133, 148, 1722, 163, 1643, 978, 205, 987
133, 148, 1722, 163, 1643, 978, 205, 987
133, 148, 1722, 163, 1643, 978, 205, 987
133, 148, 1722, 163, 1643, 978, 205, 987
133, 148, 1722, 163, 1643, 978, 205, 987
133, 148, 1722, 163, 1643, 978, 205, 987
133, 148, 1722, 163, 1643, 978, 205, 987
133, 148, 1722, 163, 1643, 978, 205, 987
133, 148, 1722, 163, 1643, 978, 205, 987
133, 148, 1722, 163, 1644, 978, 205, 987
133, 148, 1722, 163, 1644, 978, 205, 987
133, 148, 1722, 163, 1644, 978, 205, 987
133, 148, 1722, 163, 1644, 978, 205, 987
132, 148, 1722, 163, 1643, 977, 204, 986
132, 148, 1722, 163, 1643, 977, 204, 986
132, 147, 1722, 163, 1644, 978, 204, 987
132, 147, 1722, 163, 1644, 978, 204, 987
132, 147, 1722, 163, 1644, 978, 204, 987
132, 147, 1722, 163, 1644, 978, 204, 987
131, 147, 1722, 163, 1643, 977, 204, 986
131, 147, 1722, 163, 1643, 977, 204, 986
131, 147, 1722, 163, 1643, 977, 204, 986
131, 147, 1722, 163, 1643, 977, 204, 986
131, 147, 1722, 163, 1643, 977, 204, 986
131, 147, 1722, 163, 1643, 977, 204, 986
131, 147, 1722, 163, 1643, 977, 204, 986
131, 147, 1722, 163, 1643, 977, 204, 986
131, 147, 1722, 163, 1643, 977, 204, 986
131, 147, 1722, 163, 1643, 977, 204, 986
131, 147, 1722, 163, 1643, 977, 204, 986
131, 147, 1722, 163, 1643, 977, 204, 986
131, 147, 1722, 163, 1643, 977, 204, 986
131, 147, 1722, 163, 1643, 977, 204, 986
131, 147, 1722, 163, 1643, 977, 204, 986
131, 147, 1722, 163, 1643, 977, 204, 986
131, 147, 1722, 163, 1643, 977, 204, 986
131, 147, 1722, 163, 1643, 977, 204, 986
131, 147, 1722, 163, 1643, 977, 204, 986
131, 147, 1722, 163, 1643, 977, 204, 986
131, 147, 1722, 163, 1643, 977, 204, 986
131, 147, 1722, 163, 1643, 977, 204, 986
131, 147, 1722, 163, 1643, 977, 204, 986
131, 147, 1722, 163, 1643, 977, 204, 986
131, 147, 1722, 163, 1643, 977, 204, 986
131, 147, 1722, 163, 1643, 977, 204, 986
131, 147, 1722, 163, 1643, 977, 204, 986
131, 147, 1722, 163, 1643, 977, 204, 986
131, 147, 1722, 163, 1643, 977, 204, 986
131, 147, 1722, 163, 1643, 977, 204, 986
131, 147, 1722, 163, 1643, 977, 204, 986
131, 147, 1722, 163, 1643, 977, 204, 986
132, 147, 1722, 163, 1644, 977, 205, 986
131, 146, 1722, 163, 1644, 977, 205, 986
131, 146, 1722, 163, 1644, 977, 205, 986
131, 146, 1722, 163, 1644, 977, 205, 986
131, 146, 1722, 163, 1644, 976, 205, 986
131, 146, 1722, 163, 1644, 976, 205, 986
131, 146, 1722, 163, 1645, 976, 205, 986
131, 146, 1722, 163, 1645, 976, 205, 986
131, 146, 1722, 163, 1645, 976, 205, 986
131, 146, 1722, 163, 1645, 976, 205, 986
130, 146, 1722, 163, 1645, 976, 204, 986
130, 146, 1722, 163, 1645, 976, 204, 986
131, 146, 1722, 163, 1644, 976, 205, 986
131, 146, 1722, 163, 1644, 976, 205, 986
131, 146, 1722, 163, 1644, 976, 205, 986
130, 146, 1722, 163, 1644, 976, 205, 986
130, 146, 1722, 163, 1644, 976, 205, 986
130, 146, 1722, 163, 1644, 976, 205, 986
130, 146, 1722, 163, 1644, 976, 205, 986
130, 146, 1722, 163, 1644, 976, 205, 986
130, 146, 1722, 163, 1644, 976, 205, 986
130, 146, 1722, 163, 1644, 976, 205, 986
130, 146, 1722, 163, 1644, 976, 205, 986
130, 146, 1722, 163, 1644, 976, 205, 986
133, 147, 1720, 162, 1644, 973, 203, 986
133, 147, 1720, 162, 1644, 973, 203, 986
134, 147, 1720, 162, 1645, 973, 204, 986
133, 146, 1720, 162, 1645, 973, 204, 986
133, 146, 1720, 162, 1645, 973, 204, 986
133, 146, 1720, 162, 1645, 973, 204, 986
133, 146, 1720, 162, 1645, 972, 204, 985
133, 146, 1720, 162, 1645, 972, 204, 985
133, 146, 1720, 162, 1646, 972, 204, 985
133, 146, 1720, 162, 1646, 972, 204, 985
134, 146, 1720, 162, 1646, 972, 205, 985
134, 146, 1720, 162, 1646, 972, 205, 985
133, 146, 1720, 162, 1646, 972, 204, 985
133, 146, 1720, 162, 1646, 972, 204, 985
133, 146, 1720, 162, 1646, 972, 205, 985
133, 146, 1720, 162, 1646, 972, 205, 985
133, 146, 1720, 162, 1646, 972, 205, 985
133, 146, 1720, 162, 1646, 972, 205, 985
133, 146, 1720, 162, 1646, 972, 205, 985
133, 146, 1720, 162, 1646, 972, 205, 985
133, 146, 1720, 162, 1646, 972, 205, 985
133, 146, 1720, 162, 1646, 972, 205, 985
133, 146, 1720, 162, 1646, 972, 205, 985
133, 146, 1720, 162, 1646, 972, 205, 985
133, 146, 1720, 162, 1646, 972, 205, 985
133, 146, 1720, 162, 1646, 972, 205, 985
133, 146, 1720, 162, 1646, 972, 205, 985
133, 146, 1720, 162, 1646, 972, 205, 985
133, 146, 1720, 162, 1646, 972, 205, 985
133, 146, 1720, 162, 1646, 972, 205, 985
133, 146, 1720, 162, 1646, 972, 205, 985
133, 146, 1720, 162, 1646, 972, 205, 985
133, 146, 1720, 162, 1646, 972, 205, 985
133, 146, 1720, 162, 1646, 972, 205, 985
133, 146, 1720, 162, 1646, 972, 205, 985
133, 146, 1720, 162, 1646, 972, 205, 985
133, 146, 1720, 162, 1646, 972, 205, 985
133, 146, 1720, 162, 1646, 972, 205, 985
133, 146, 1720, 162, 1646, 972, 205, 985
133, 146, 1720, 162, 1646, 972, 205, 985
134, 146, 1720, 162, 1646, 972, 206, 985
132, 145, 1720, 162, 1646, 972, 206, 985
132, 145, 1720, 162, 1646, 972, 206, 985
132, 145, 1720, 162, 1646, 972, 205, 985
132, 145, 1720, 162, 1646, 972, 205, 984
132, 145, 1720, 162, 1646, 972, 205, 984
131, 145, 1720, 162, 1647, 972, 204, 984
132, 145, 1720, 162, 1647, 972, 204, 984
132, 145, 1720, 162, 1647, 972, 205, 984
133, 145, 1720, 162, 1647, 972, 205, 984
132, 145, 1720, 161, 1646, 972, 204, 984
132, 145, 1720, 161, 1646, 972, 204, 984
134, 145, 1720, 161, 1646, 972, 206, 984
134, 145, 1720, 161, 1646, 972, 206, 984
134, 145, 1720, 161, 1646, 972, 206, 984
134, 145, 1720, 161, 1646, 972, 206, 984
134, 145, 1720, 161, 1646, 972, 206, 984
134, 145, 1720, 161, 1646, 972, 206, 984
134, 145, 1720, 161, 1646, 972, 206, 984
134, 145, 1720, 161, 1646, 972, 206, 984
134, 145, 1720, 161, 1646, 972, 206, 984
134, 145, 1720, 161, 1646, 972, 206, 984
134, 145, 1720, 161, 1646, 972, 206, 984
134, 145, 1720, 161, 1646, 972, 206, 984
134, 145, 1720, 161, 1646, 972, 206, 984
134, 145, 1720, 161, 1646, 972, 206, 984
134, 145, 1720, 161, 1646, 972, 206, 984
134, 145, 1720, 161, 1646, 972, 206, 984
134, 145, 1720, 161, 1646, 972, 206, 984
134, 145, 1720, 161, 1646, 972, 206, 984
134, 145, 1720, 161, 1646, 972, 206, 984
134, 145, 1720, 161, 1646, 972, 206, 984
134, 145, 1720, 161, 1646, 972, 206, 984
134, 145, 1720, 161, 1646, 972, 206, 984
134, 145, 1720, 161, 1646, 972, 206, 984
134, 145, 1720, 161, 1646, 972, 206, 984
134, 145, 1720, 161, 1646, 972, 206, 984
134, 145, 1720, 161, 1646, 972, 206, 984
134, 145, 1720, 161, 1646, 972, 206, 984
134, 145, 1720, 161, 1646, 972, 206, 984
134, 145, 1720, 161, 1646, 972, 206, 984
134, 145, 1720, 161, 1646, 972, 206, 984
134, 145, 1720, 161, 1646, 972, 206, 984
134, 145, 1720, 161, 1646, 972, 206, 984
134, 145, 1720, 161, 1646, 972, 206, 984
134, 145, 1720, 161, 1646, 972, 206, 984
134, 145, 1720, 161, 1646, 972, 206, 984
134, 145, 1720, 161, 1646, 972, 206, 984
134, 145, 1720, 161, 1646, 972, 206, 984
134, 145, 1720, 161, 1646, 972, 206, 984
134, 145, 1720, 161, 1646, 972, 206, 984
134, 145, 1720, 161, 1646, 972, 206, 984
134, 145, 1720, 161, 1646, 972, 206, 984
134, 145, 1720, 161, 1646, 972, 206, 984
134, 145, 1720, 161, 1646, 972, 206, 984
134, 145, 1720, 161, 1646, 972, 206, 984
134, 145, 1720, 161, 1646, 972, 206, 984
134, 145, 1720, 161, 1646, 972, 206, 984
134, 145, 1720, 161, 1646, 972, 206, 984
134, 145, 1720, 161, 1646, 972, 206, 984
134, 145, 1721, 162, 1644, 971, 205, 986
134, 145, 1721, 162, 1644, 971, 205, 986
134, 145, 1721, 162, 1644, 971, 205, 986
134, 145, 1721, 162, 1644, 971, 205, 986
134, 145, 1721, 162, 1644, 971, 205, 986
134, 145, 1721, 162, 1644, 971, 205, 986
134, 145, 1721, 162, 1644, 971, 205, 986
134, 145, 1721, 162, 1644, 971, 205, 986
134, 145, 1721, 162, 1644, 971, 205, 986
134, 145, 1721, 162, 1644, 971, 205, 986
134, 145, 1721, 162, 1644, 971, 205, 986
134, 145, 1721, 162, 1644, 971, 205, 986
134, 145, 1721, 162, 1644, 971, 205, 986
134, 145, 1721, 162, 1644, 971, 205, 986
134, 145, 1721, 162, 1644, 971, 205, 986
134, 145, 1721, 162, 1644, 971, 205, 986
134, 145, 1721, 162, 1644, 971, 205, 986
134, 145, 1721, 162, 1644, 971, 205, 986
134, 145, 1721, 162, 1644, 971, 205, 986
134, 145, 1721, 162, 1644, 971, 205, 986
134, 145, 1721, 162, 1644, 971, 205, 986
134, 145, 1721, 162, 1644, 971, 205, 986
134, 145, 1721, 162, 1644, 971, 205, 986
134, 145, 1721, 162, 1644, 971, 205, 986
134, 145, 1721, 162, 1644, 971, 205, 986
134, 145, 1721, 162, 1644, 971, 205, 986
134, 145, 1721, 162, 1644, 971, 205, 986
134, 145, 1721, 162, 1644, 971, 205, 986
134, 145, 1721, 162, 1644, 971, 205, 986
134, 145, 1721, 162, 1644, 971, 205, 986
133, 145, 1721, 162, 1644, 971, 204, 986
132, 145, 1721, 162, 1644, 971, 204, 986
132, 145, 1721, 162, 1644, 971, 204, 986
132, 145, 1721, 162, 1644, 971, 204, 986
132, 145, 1721, 162, 1644, 971, 204, 986
132, 145, 1721, 162, 1644, 971, 204, 986
132, 145, 1721, 162, 1644, 971, 205, 987
132, 145, 1721, 162, 1644, 971, 205, 987
132, 145, 1721, 162, 1645, 971, 205, 987
132, 145, 1721, 162, 1645, 971, 205, 987
131, 145, 1721, 162, 1644, 971, 204, 988
131, 145, 1721, 162, 1644, 971, 204, 988
131, 146, 1721, 162, 1644, 970, 205, 987
131, 146, 1721, 162, 1644, 970, 205, 987
130, 145, 1721, 162, 1645, 971, 205, 988
130, 145, 1721, 162, 1645, 971, 205, 988
130, 145, 1721, 162, 1645, 971, 205, 988
130, 145, 1721, 162, 1645, 971, 205, 988
130, 145, 1721, 162, 1645, 971, 205, 988
130, 145, 1721, 162, 1645, 971, 205, 988
130, 145, 1721, 162, 1645, 971, 205, 988
130, 145, 1721, 162, 1645, 971, 205, 988
130, 145, 1721, 162, 1645, 971, 205, 988
130, 145, 1721, 162, 1645, 971, 205, 988
130, 145, 1721, 162, 1645, 971, 205, 988
130, 145, 1721, 162, 1645, 971, 205, 988
130, 145, 1721, 162, 1645, 971, 205, 988
130, 145, 1721, 162, 1645, 971, 205, 988
130, 145, 1721, 162, 1645, 971, 205, 988
130, 145, 1721, 162, 1645, 971, 205, 988
130, 145, 1721, 162, 1645, 971, 205, 988
130, 145, 1721, 162, 1645, 971, 205, 988
130, 145, 1721, 162, 1645, 971, 205, 988
130, 145, 1721, 162, 1645, 971, 205, 988
130, 145, 1721, 162, 1645, 971, 205, 988
130, 145, 1721, 162, 1645, 971, 205, 988
130, 145, 1721, 162, 1645, 971, 205, 988
130, 145, 1721, 162, 1645, 971, 205, 988
130, 145, 1721, 162, 1645, 971, 205, 988
130, 145, 1721, 162, 1645, 971, 205, 988
130, 145, 1721, 162, 1645, 971, 205, 988
130, 145, 1721, 162, 1645, 971, 205, 988
130, 145, 1721, 162, 1645, 971, 205, 988
130, 145, 1721, 162, 1645, 971, 205, 988
130, 145, 1721, 162, 1645, 971, 205, 988
130, 145, 1721, 162, 1645, 971, 205, 988
130, 145, 1721, 162, 1645, 971, 205, 988
130, 145, 1721, 162, 1645, 971, 205, 988
130, 145, 1721, 162, 1645, 971, 205, 988
130, 145, 1721, 162, 1645, 971, 205, 988
130, 145, 1721, 162, 1645, 971, 205, 988
130, 145, 1721, 162, 1645, 971, 205, 988
130, 145, 1721, 162, 1645, 971, 205, 988
130, 145, 1721, 162, 1645, 971, 205, 988
130, 145, 1721, 162, 1645, 971, 205, 988
130, 145, 1721, 162, 1645, 971, 205, 988
130, 145, 1721, 162, 1645, 971, 205, 988
130, 145, 1721, 162, 1645, 971, 205, 988
130, 145, 1721, 162, 1645, 971, 205, 988
130, 145, 1721, 162, 1645, 971, 205, 988
130, 145, 1721, 162, 1645, 971, 205, 988
130, 145, 1721, 162, 1645, 971, 205, 988
130, 145, 1721, 162, 1645, 971, 205, 988
130, 145, 1721, 162, 1645, 971, 205, 988
130, 145, 1721, 162, 1645, 971, 205, 988
130, 145, 1721, 162, 1645, 971, 205, 988
130, 145, 1721, 162, 1645, 971, 205, 988
130, 145, 1721, 162, 1645, 971, 205, 988
131, 144, 1721, 162, 1645, 971, 206, 988
129, 143, 1721, 162, 1645, 971, 206, 988
130, 143, 1722, 161, 1646, 972, 201, 986
128, 142, 1722, 161, 1646, 972, 201, 986
128, 142, 1722, 161, 1646, 972, 201, 986
128, 142, 1722, 161, 1646, 972, 201, 986
129, 143, 1722, 161, 1646, 971, 203, 985
131, 144, 1722, 161, 1646, 971, 203, 985
132, 144, 1722, 161, 1646, 971, 204, 985
133, 144, 1722, 161, 1646, 971, 204, 985
133, 144, 1722, 161, 1646, 971, 204, 985
134, 144, 1722, 161, 1646, 971, 204, 985
133, 144, 1722, 161, 1645, 971, 203, 985
134, 144, 1722, 161, 1645, 971, 203, 985
135, 144, 1722, 161, 1644, 971, 204, 985
135, 144, 1722, 161, 1644, 971, 204, 985
135, 144, 1722, 161, 1644, 971, 204, 985
135, 144, 1722, 161, 1644, 971, 204, 985
135, 144, 1722, 161, 1644, 971, 204, 985
135, 144, 1722, 161, 1644, 971, 204, 985
135, 144, 1722, 161, 1644, 971, 204, 985
135, 144, 1722, 161, 1644, 971, 204, 985
135, 144, 1722, 161, 1644, 971, 204, 985
135, 144, 1722, 161, 1644, 971, 204, 985
135, 144, 1722, 161, 1644, 971, 204, 985
135, 144, 1722, 161, 1644, 971, 204, 985
135, 144, 1722, 161, 1644, 971, 204, 985
135, 144, 1722, 161, 1644, 971, 204, 985
135, 144, 1722, 161, 1644, 971, 204, 985
135, 144, 1722, 161, 1644, 971, 204, 985
135, 144, 1722, 161, 1644, 971, 204, 985
135, 144, 1722, 161, 1644, 971, 204, 985
135, 144, 1722, 161, 1644, 971, 204, 985
135, 144, 1722, 161, 1644, 971, 204, 985
135, 144, 1722, 161, 1644, 971, 204, 985
135, 144, 1722, 161, 1644, 971, 204, 985
135, 144, 1722, 161, 1644, 971, 204, 985
135, 144, 1722, 161, 1644, 971, 204, 985
135, 144, 1722, 161, 1644, 971, 204, 985
135, 144, 1722, 161, 1644, 971, 204, 985
135, 144, 1722, 161, 1644, 971, 204, 985
135, 144, 1722, 161, 1644, 971, 204, 985
135, 144, 1722, 161, 1644, 971, 204, 984
135, 144, 1722, 161, 1644, 971, 204, 984
135, 144, 1722, 161, 1644, 972, 204, 984
135, 144, 1722, 161, 1644, 972, 204, 984
135, 144, 1722, 161, 1644, 972, 204, 984
135, 144, 1722, 161, 1644, 972, 204, 984
135, 144, 1722, 161, 1644, 972, 204, 984
135, 144, 1722, 161, 1644, 972, 204, 984
135, 144, 1722, 161, 1644, 972, 204, 984
135, 144, 1722, 161, 1644, 972, 204, 984
135, 144, 1722, 161, 1644, 972, 204, 984
135, 144, 1722, 161, 1644, 972, 204, 984
135, 144, 1722, 161, 1644, 972, 204, 984
135, 144, 1722, 161, 1644, 972, 204, 984
135, 144, 1722, 161, 1644, 972, 204, 984
135, 144, 1722, 161, 1644, 972, 204, 984
135, 144, 1722, 161, 1644, 972, 204, 984
135, 144, 1722, 161, 1644, 972, 204, 984
135, 144, 1722, 161, 1644, 972, 204, 984
135, 144, 1722, 161, 1644, 972, 204, 984
135, 144, 1722, 161, 1644, 972, 204, 984
135, 144, 1722, 161, 1644, 972, 204, 984
135, 144, 1722, 161, 1644, 972, 204, 984
135, 144, 1722, 161, 1644, 972, 204, 984
135, 144, 1722, 161, 1644, 972, 204, 984
135, 144, 1722, 161, 1644, 972, 204, 984
135, 144, 1722, 161, 1644, 972, 204, 984
135, 144, 1722, 161, 1644, 972, 204, 984
135, 144, 1722, 161, 1644, 972, 204, 984
135, 144, 1722, 161, 1644, 972, 204, 984
135, 144, 1722, 161, 1644, 972, 204, 984
135, 144, 1722, 161, 1644, 972, 204, 984
135, 144, 1722, 161, 1644, 972, 204, 984
135, 144, 1722, 161, 1644, 972, 204, 984
135, 144, 1722, 161, 1644, 972, 204, 984
135, 144, 1722, 161, 1644, 972, 204, 984
135, 144, 1722, 161, 1644, 972, 204, 984
135, 144, 1722, 161, 1644, 972, 204, 984
135, 144, 1722, 161, 1644, 972, 204, 984
135, 144, 1722, 161, 1644, 972, 204, 984
135, 144, 1722, 161, 1644, 972, 204, 984
135, 144, 1722, 161, 1644, 972, 204, 984
135, 144, 1722, 161, 1644, 972, 204, 984
135, 144, 1722, 161, 1644, 972, 204, 984
135, 144, 1722, 161, 1644, 972, 204, 984
135, 144, 1722, 161, 1644, 972, 204, 984
135, 144, 1722, 161, 1644, 972, 204, 984
135, 144, 1722, 161, 1644, 972, 204, 984
135, 144, 1722, 161, 1644, 972, 204, 984
135, 144, 1722, 161, 1644, 972, 204, 984
135, 144, 1722, 161, 1644, 972, 204, 984
135, 144, 1722, 161, 1644, 972, 204, 984
135, 144, 1722, 161, 1644, 972, 204, 984
135, 144, 1722, 161, 1644, 972, 204, 984
135, 144, 1722, 161, 1644, 972, 204, 984
135, 144, 1722, 161, 1644, 972, 204, 984
135, 144, 1722, 161, 1644, 972, 204, 984
135, 144, 1722, 161, 1644, 972, 204, 984
135, 144, 1722, 161, 1644, 972, 204, 984
135, 144, 1722, 161, 1644, 972, 204, 984
133, 146, 1722, 161, 1644, 972, 204, 984
133, 146, 1722, 161, 1644, 972, 204, 984
133, 146, 1722, 161, 1644, 972, 204, 984
133, 146, 1722, 161, 1644, 972, 204, 984
133, 146, 1722, 161, 1644, 972, 204, 984
133, 146, 1722, 161, 1644, 972, 204, 984
133, 146, 1722, 161, 1644, 972, 204, 984
133, 146, 1722, 161, 1644, 972, 204, 984
133, 146, 1722, 161, 1644, 972, 204, 984
133, 146, 1722, 161, 1644, 972, 204, 984
133, 146, 1722, 161, 1644, 972, 204, 984
133, 146, 1722, 161, 1644, 972, 204, 984
133, 146, 1722, 161, 1644, 972, 204, 984
133, 146, 1722, 161, 1644, 972, 204, 984
133, 146, 1722, 161, 1644, 972, 204, 984
133, 146, 1722, 161, 1644, 972, 204, 984
133, 146, 1722, 161, 1644, 972, 204, 984
133, 146, 1722, 161, 1644, 972, 204, 984
133, 146, 1722, 161, 1644, 972, 204, 984
133, 146, 1722, 161, 1644, 972, 204, 984
133, 146, 1722, 161, 1644, 972, 204, 984
133, 146, 1722, 161, 1644, 972, 204, 984
133, 146, 1722, 161, 1644, 972, 204, 984
133, 146, 1722, 161, 1644, 972, 204, 984
133, 146, 1722, 161, 1644, 972, 204, 984
133, 146, 1722, 161, 1644, 972, 204, 984
133, 146, 1722, 161, 1644, 972, 204, 984
133, 146, 1722, 161, 1644, 972, 204, 984
133, 146, 1722, 161, 1644, 972, 204, 984
133, 146, 1722, 161, 1644, 972, 204, 984
132, 145, 1722, 161, 1645, 972, 204, 984
131, 144, 1722, 161, 1645, 972, 204, 984
129, 143, 1722, 161, 1645, 972, 202, 984
127, 142, 1722, 161, 1645, 972, 202, 984
127, 142, 1722, 161, 1645, 972, 202, 984
127, 142, 1722, 161, 1645, 972, 202, 984
128, 143, 1722, 161, 1645, 972, 204, 984
131, 144, 1722, 161, 1645, 972, 204, 984
131, 144, 1722, 161, 1645, 972, 204, 984
131, 144, 1722, 161, 1645, 972, 204, 984
132, 144, 1722, 161, 1644, 972, 204, 984
132, 144, 1722, 161, 1644, 972, 204, 984
132, 144, 1722, 161, 1644, 972, 204, 984
132, 144, 1722, 161, 1644, 972, 204, 984
131, 144, 1722, 161, 1643, 972, 203, 984
132, 144, 1722, 161, 1643, 972, 203, 984
133, 144, 1722, 161, 1643, 972, 204, 984
133, 144, 1722, 161, 1643, 972, 204, 984
133, 144, 1722, 161, 1643, 972, 204, 984
133, 144, 1722, 161, 1643, 972, 204, 984
133, 144, 1719, 161, 1643, 972, 204, 984
133, 144, 1719, 161, 1643, 972, 204, 984
133, 144, 1719, 161, 1643, 972, 204, 984
133, 144, 1719, 161, 1643, 972, 204, 984
133, 144, 1719, 161, 1643, 972, 204, 984
133, 144, 1719, 161, 1643, 972, 204, 984
133, 144, 1719, 161, 1643, 972, 204, 984
133, 144, 1719, 161, 1643, 972, 204, 984
133, 144, 1719, 161, 1643, 972, 204, 984
133, 144, 1719, 161, 1643, 972, 204, 984
133, 144, 1719, 161, 1643, 972, 204, 984
133, 144, 1719, 161, 1643, 972, 204, 984
133, 144, 1719, 161, 1643, 972, 204, 984
133, 144, 1719, 161, 1643, 972, 204, 984
133, 144, 1719, 161, 1643, 972, 204, 984
133, 144, 1719, 161, 1643, 972, 204, 984
133, 144, 1719, 161, 1643, 972, 204, 984
133, 144, 1719, 161, 1643, 972, 204, 984
133, 144, 1719, 161, 1643, 972, 204, 984
133, 144, 1719, 161, 1643, 972, 204, 984
133, 144, 1719, 161, 1643, 972, 204, 984
133, 144, 1719, 161, 1643, 972, 204, 984
133, 144, 1719, 161, 1643, 972, 204, 984
133, 144, 1719, 161, 1643, 972, 204, 984
133, 144, 1719, 161, 1643, 972, 204, 984
133, 144, 1719, 161, 1643, 972, 204, 984
133, 144, 1719, 161, 1643, 972, 204, 984
133, 144, 1719, 161, 1643, 972, 204, 984
133, 144, 1719, 161, 1643, 972, 204, 984
133, 144, 1719, 161, 1643, 972, 204, 984
133, 144, 1719, 161, 1643, 972, 204, 984
133, 144, 1719, 161, 1643, 972, 204, 984
133, 144, 1719, 161, 1643, 972, 204, 984
133, 144, 1719, 161, 1643, 972, 204, 984
133, 144, 1719, 161, 1643, 972, 204, 984
133, 144, 1719, 161, 1643, 972, 204, 984
133, 144, 1719, 161, 1643, 972, 204, 984
133, 144, 1719, 161, 1643, 972, 204, 984
133, 144, 1719, 161, 1643, 972, 204, 984
133, 144, 1719, 161, 1643, 972, 204, 984
133, 144, 1719, 161, 1643, 972, 204, 984
133, 144, 1719, 161, 1643, 972, 204, 984
133, 144, 1719, 161, 1643, 972, 204, 984
133, 144, 1719, 161, 1643, 972, 204, 984
133, 144, 1719, 161, 1643, 972, 204, 984
133, 144, 1719, 161, 1643, 972, 203, 984
133, 144, 1719, 161, 1643, 972, 203, 984
133, 144, 1719, 161, 1643, 972, 202, 984
133, 144, 1719, 161, 1643, 972, 202, 984
133, 144, 1719, 161, 1643, 972, 201, 984
133, 145, 1719, 161, 1644, 972, 202, 985
133, 145, 1719, 161, 1644, 972, 202, 985
133, 145, 1719, 161, 1644, 972, 202, 985
133, 145, 1719, 161, 1644, 972, 201, 985
133, 145, 1719, 161, 1644, 972, 200, 985
133, 145, 1719, 161, 1644, 972, 200, 985
133, 145, 1719, 161, 1644, 972, 199, 985
133, 145, 1719, 161, 1644, 972, 199, 985
133, 145, 1719, 161, 1644, 972, 198, 985
133, 145, 1719, 161, 1644, 972, 198, 985
133, 145, 1719, 161, 1644, 972, 198, 985
133, 145, 1719, 161, 1644, 972, 198, 985
133, 145, 1719, 161, 1644, 972, 198, 985
133, 145, 1719, 161, 1644, 972, 198, 985
133, 145, 1719, 161, 1644, 972, 198, 985
133, 145, 1719, 161, 1644, 972, 198, 985
133, 145, 1719, 161, 1644, 972, 198, 985
133, 145, 1719, 161, 1644, 972, 198, 985
133, 145, 1719, 161, 1645, 972, 198, 985
133, 145, 1719, 161, 1645, 972, 197, 985
133, 145, 1719, 161, 1645, 972, 197, 985
133, 145, 1719, 161, 1645, 972, 197, 984
133, 145, 1719, 161, 1646, 972, 204, 984
131, 144, 1719, 161, 1646, 972, 204, 984
130, 143, 1719, 161, 1646, 972, 201, 984
128, 142, 1719, 161, 1646, 972, 200, 984
128, 142, 1719, 161, 1646, 972, 200, 985
128, 142, 1719, 161, 1646, 972, 200, 986
129, 143, 1719, 161, 1647, 972, 200, 985
131, 144, 1719, 161, 1647, 972, 199, 985
132, 144, 1719, 161, 1647, 972, 198, 985
132, 144, 1719, 161, 1647, 972, 204, 985
132, 144, 1719, 161, 1647, 972, 203, 985
132, 144, 1719, 161, 1647, 972, 201, 985
133, 144, 1719, 161, 1647, 972, 200, 985
133, 144, 1719, 161, 1647, 972, 198, 985
132, 144, 1719, 161, 1647, 972, 196, 985
132, 144, 1719, 161, 1647, 972, 194, 985
131, 144, 1719, 161, 1647, 972, 193, 985
132, 144, 1719, 161, 1647, 972, 192, 985
132, 144, 1719, 161, 1647, 972, 191, 985
132, 144, 1719, 161, 1647, 972, 191, 984
132, 144, 1719, 161, 1647, 972, 191, 984
132, 144, 1719, 161, 1647, 972, 191, 984
132, 144, 1719, 161, 1647, 972, 190, 984
132, 144, 1719, 161, 1648, 972, 190, 984
132, 144, 1719, 161, 1648, 972, 190, 984
132, 144, 1719, 161, 1648, 972, 190, 983
132, 144, 1719, 161, 1648, 972, 190, 983
132, 144, 1719, 161, 1648, 972, 190, 983
132, 144, 1719, 161, 1648, 972, 190, 983
132, 144, 1719, 161, 1648, 972, 190, 983
132, 144, 1719, 161, 1648, 972, 190, 983
132, 144, 1719, 161, 1648, 972, 190, 983
132, 144, 1719, 161, 1648, 972, 190, 983
132, 144, 1719, 161, 1648, 972, 190, 983
132, 144, 1719, 161, 1648, 972, 190, 983
132, 144, 1719, 161, 1648, 972, 190, 983
132, 144, 1719, 161, 1648, 972, 190, 983
132, 144, 1719, 161, 1648, 972, 190, 983
132, 144, 1719, 161, 1648, 972, 190, 984
132, 144, 1719, 161, 1648, 972, 190, 985
132, 144, 1719, 161, 1648, 972, 190, 985
132, 144, 1719, 161, 1648, 972, 189, 985
132, 144, 1719, 161, 1648, 972, 189, 985
132, 144, 1719, 161, 1648, 972, 189, 985
132, 144, 1719, 161, 1648, 972, 189, 985
132, 144, 1719, 161, 1648, 972, 189, 985
132, 144, 1719, 161, 1648, 972, 189, 984
132, 144, 1719, 161, 1648, 972, 189, 983
132, 144, 1719, 161, 1648, 972, 189, 983
132, 144, 1719, 161, 1648, 972, 189, 983
132, 144, 1719, 161, 1648, 972, 189, 984
132, 144, 1719, 161, 1648, 972, 189, 983
132, 144, 1719, 161, 1648, 972, 189, 981
132, 144, 1719, 161, 1648, 972, 189, 982
132, 144, 1719, 161, 1648, 972, 189, 982
132, 144, 1719, 161, 1648, 972, 189, 982
132, 144, 1719, 161, 1648, 972, 189, 982
132, 144, 1719, 161, 1648, 972, 188, 982
132, 144, 1719, 161, 1648, 972, 188, 982
132, 144, 1719, 161, 1648, 972, 188, 983
132, 144, 1719, 161, 1648, 972, 188, 983
132, 144, 1719, 161, 1648, 972, 188, 982
132, 144, 1719, 161, 1648, 972, 188, 982
132, 144, 1719, 161, 1648, 972, 188, 983
132, 144, 1719, 161, 1648, 972, 188, 984
132, 144, 1719, 161, 1648, 972, 188, 984
132, 144, 1719, 161, 1648, 972, 205, 984
132, 144, 1719, 161, 1648, 972, 204, 984
132, 144, 1719, 161, 1648, 972, 203, 984
132, 144, 1719, 161, 1648, 972, 203, 984
132, 144, 1719, 161, 1648, 972, 203, 984
132, 144, 1719, 161, 1648, 972, 203, 984
132, 144, 1719, 161, 1648, 972, 203, 984
132, 144, 1719, 161, 1648, 972, 203, 984
132, 144, 1719, 161, 1648, 972, 203, 984
132, 144, 1719, 161, 1648, 972, 203, 984
132, 144, 1719, 161, 1648, 972, 203, 984
132, 144, 1719, 161, 1648, 972, 203, 984
