189, 83, 1759, 108, 1735, 949, 193, 940
191, 84, 1758, 109, 1736, 950, 194, 940
191, 84, 1758, 109, 1736, 949, 194, 940
192, 84, 1758, 109, 1735, 949, 195, 939
193, 84, 1757, 109, 1735, 948, 196, 939
193, 85, 1757, 109, 1734, 947, 197, 938
194, 85, 1756, 109, 1734, 947, 197, 938
195, 85, 1756, 109, 1733, 946, 198, 937
196, 85, 1755, 109, 1733, 945, 199, 936
197, 85, 1755, 109, 1732, 944, 200, 935
198, 85, 1754, 109, 1732, 943, 201, 934
199, 85, 1754, 109, 1731, 943, 202, 934
200, 85, 1753, 110, 1731, 942, 203, 933
201, 85, 1752, 110, 1730, 942, 205, 932
202, 85, 1752, 110, 1730, 941, 206, 932
203, 86, 1751, 111, 1729, 941, 207, 931
204, 87, 1750, 111, 1728, 940, 207, 931
205, 87, 1749, 112, 1727, 940, 208, 931
206, 88, 1748, 113, 1726, 940, 209, 931
207, 89, 1747, 114, 1725, 940, 210, 931
208, 90, 1746, 115, 1724, 940, 211, 931
209, 92, 1745, 116, 1723, 940, 212, 931
210, 93, 1744, 118, 1721, 940, 213, 932
211, 95, 1742, 119, 1720, 941, 214, 932
212, 96, 1741, 121, 1719, 941, 215, 932
213, 98, 1739, 122, 1717, 941, 216, 933
214, 99, 1738, 124, 1716, 941, 216, 933
215, 100, 1737, 125, 1715, 941, 217, 933
215, 102, 1736, 127, 1714, 941, 217, 933
216, 103, 1734, 128, 1713, 942, 218, 934
217, 104, 1733, 130, 1711, 942, 219, 934
217, 106, 1731, 131, 1710, 943, 219, 934
218, 107, 1730, 132, 1709, 943, 220, 934
219, 108, 1728, 134, 1707, 943, 220, 935
219, 109, 1727, 135, 1706, 943, 221, 934
220, 110, 1725, 136, 1704, 942, 221, 934
220, 111, 1723, 137, 1702, 942, 221, 934
221, 112, 1721, 138, 1701, 941, 222, 933
222, 112, 1719, 138, 1699, 940, 223, 932
222, 113, 1718, 139, 1698, 940, 223, 931
223, 113, 1716, 139, 1696, 939, 223, 931
223, 113, 1714, 140, 1695, 938, 224, 930
224, 114, 1713, 140, 1694, 938, 225, 929
225, 114, 1712, 141, 1692, 937, 226, 929
227, 115, 1711, 141, 1691, 936, 227, 928
227, 115, 1709, 142, 1690, 936, 228, 927
228, 116, 1708, 143, 1689, 935, 229, 927
230, 116, 1707, 143, 1688, 934, 230, 926
231, 117, 1706, 144, 1687, 934, 231, 926
232, 118, 1705, 145, 1686, 933, 232, 925
234, 118, 1704, 145, 1685, 933, 233, 924
235, 119, 1702, 146, 1684, 932, 234, 924
237, 120, 1701, 147, 1683, 932, 235, 923
238, 120, 1700, 148, 1682, 931, 237, 923
239, 121, 1699, 148, 1681, 930, 238, 922
241, 121, 1698, 149, 1681, 930, 239, 921
243, 122, 1698, 149, 1680, 929, 241, 920
244, 122, 1697, 149, 1680, 928, 243, 919
246, 122, 1697, 149, 1680, 927, 245, 918
248, 122, 1696, 149, 1679, 926, 247, 917
250, 123, 1695, 150, 1678, 925, 248, 916
252, 123, 1695, 150, 1677, 924, 250, 915
254, 124, 1694, 150, 1676, 923, 252, 914
255, 124, 1693, 151, 1675, 922, 254, 914
257, 125, 1692, 152, 1674, 922, 255, 913
259, 125, 1691, 152, 1674, 921, 257, 912
260, 126, 1690, 153, 1673, 920, 258, 911
262, 127, 1689, 153, 1672, 919, 260, 911
263, 127, 1689, 154, 1671, 918, 261, 910
264, 127, 1688, 154, 1670, 917, 262, 909
266, 127, 1687, 154, 1669, 916, 264, 907
267, 127, 1686, 154, 1669, 915, 265, 906
269, 127, 1685, 154, 1668, 913, 267, 905
270, 126, 1684, 154, 1667, 912, 268, 903
271, 126, 1684, 153, 1666, 910, 269, 902
273, 125, 1683, 152, 1666, 908, 270, 900
274, 124, 1682, 152, 1665, 906, 272, 898
275, 123, 1682, 151, 1665, 904, 273, 896
276, 122, 1681, 150, 1664, 903, 274, 894
278, 121, 1681, 149, 1664, 901, 275, 893
279, 120, 1680, 148, 1664, 899, 277, 891
280, 119, 1680, 148, 1663, 897, 278, 889
282, 119, 1679, 147, 1662, 896, 280, 887
284, 118, 1679, 146, 1662, 894, 282, 885
286, 118, 1678, 147, 1661, 893, 284, 884
288, 118, 1678, 147, 1661, 891, 286, 883
291, 119, 1677, 147, 1661, 891, 288, 882
293, 119, 1677, 148, 1660, 890, 290, 881
295, 120, 1676, 149, 1660, 889, 293, 881
298, 121, 1676, 149, 1659, 889, 295, 880
300, 122, 1675, 151, 1659, 888, 297, 879
303, 123, 1675, 151, 1658, 888, 300, 879
305, 124, 1674, 153, 1658, 887, 302, 878
308, 125, 1673, 154, 1657, 887, 304, 877
310, 126, 1673, 155, 1657, 886, 307, 877
313, 127, 1672, 156, 1656, 885, 309, 876
315, 128, 1671, 157, 1655, 885, 311, 876
317, 129, 1671, 158, 1655, 884, 313, 875
319, 130, 1670, 159, 1654, 883, 315, 874
321, 131, 1669, 159, 1653, 882, 317, 873
323, 131, 1668, 160, 1652, 881, 319, 872
325, 132, 1667, 160, 1651, 880, 321, 871
327, 132, 1666, 161, 1650, 879, 322, 870
329, 133, 1665, 162, 1649, 878, 324, 869
331, 133, 1664, 162, 1649, 877, 326, 868
332, 133, 1663, 163, 1647, 876, 327, 866
334, 134, 1661, 163, 1645, 874, 331, 864
336, 133, 1661, 163, 1645, 873, 330, 863
337, 133, 1659, 163, 1644, 872, 332, 862
338, 132, 1658, 163, 1643, 870, 333, 860
340, 132, 1657, 163, 1642, 869, 334, 859
341, 132, 1655, 163, 1640, 868, 334, 858
342, 132, 1654, 164, 1639, 867, 335, 857
343, 133, 1652, 164, 1637, 866, 336, 856
344, 133, 1651, 165, 1635, 866, 337, 855
345, 134, 1649, 166, 1634, 866, 338, 855
346, 135, 1647, 167, 1632, 865, 339, 854
347, 136, 1646, 168, 1631, 865, 340, 854
349, 137, 1644, 170, 1630, 865, 341, 854
350, 138, 1643, 171, 1628, 865, 341, 854
351, 140, 1641, 172, 1626, 865, 343, 854
352, 141, 1639, 174, 1625, 865, 344, 854
354, 143, 1637, 176, 1623, 865, 345, 854
355, 145, 1635, 179, 1621, 866, 346, 855
356, 148, 1633, 181, 1619, 867, 347, 855
358, 150, 1631, 184, 1617, 868, 348, 856
359, 152, 1629, 187, 1615, 868, 349, 856
361, 154, 1627, 189, 1613, 869, 351, 857
362, 157, 1625, 192, 1611, 870, 352, 858
364, 159, 1623, 195, 1609, 871, 353, 859
365, 162, 1620, 198, 1607, 872, 354, 860
367, 165, 1618, 201, 1605, 873, 356, 860
368, 167, 1616, 204, 1604, 873, 357, 861
370, 169, 1614, 206, 1602, 874, 358, 861
371, 171, 1612, 209, 1600, 874, 359, 861
373, 173, 1610, 211, 1598, 874, 361, 862
375, 175, 1608, 213, 1596, 874, 362, 862
377, 176, 1606, 215, 1595, 874, 364, 862
379, 178, 1604, 217, 1593, 874, 365, 862
380, 180, 1602, 219, 1592, 874, 367, 862
382, 181, 1601, 221, 1590, 874, 368, 862
383, 183, 1599, 222, 1589, 874, 369, 862
385, 184, 1597, 224, 1587, 875, 371, 862
386, 185, 1595, 225, 1585, 874, 372, 861
387, 187, 1594, 226, 1584, 874, 373, 861
388, 188, 1592, 228, 1582, 873, 373, 861
389, 188, 1590, 229, 1580, 872, 374, 860
390, 189, 1588, 230, 1578, 872, 375, 859
391, 189, 1586, 230, 1576, 871, 375, 858
392, 190, 1583, 230, 1574, 870, 376, 857
393, 190, 1582, 231, 1572, 868, 377, 856
394, 190, 1580, 231, 1570, 867, 377, 854
395, 190, 1578, 231, 1569, 866, 378, 853
396, 189, 1577, 231, 1568, 864, 380, 851
398, 189, 1576, 230, 1567, 862, 381, 849
399, 188, 1575, 229, 1566, 860, 383, 847
401, 187, 1574, 229, 1565, 858, 385, 845
404, 186, 1574, 228, 1565, 855, 387, 843
406, 186, 1573, 227, 1565, 854, 389, 841
408, 185, 1573, 227, 1565, 852, 392, 839
410, 185, 1573, 226, 1564, 850, 394, 837
412, 185, 1572, 226, 1564, 849, 396, 836
414, 185, 1572, 227, 1564, 848, 398, 835
417, 186, 1571, 227, 1563, 847, 400, 834
419, 187, 1570, 228, 1562, 847, 402, 834
421, 187, 1570, 229, 1562, 846, 404, 833
422, 188, 1569, 230, 1561, 846, 406, 833
424, 189, 1568, 230, 1560, 845, 407, 832
426, 190, 1567, 231, 1559, 844, 409, 831
428, 190, 1566, 232, 1558, 843, 411, 830
430, 191, 1565, 232, 1558, 842, 413, 829
431, 191, 1564, 233, 1557, 841, 414, 828
433, 192, 1563, 233, 1556, 840, 416, 827
434, 192, 1562, 233, 1555, 839, 417, 826
436, 192, 1561, 234, 1554, 838, 418, 825
437, 192, 1559, 234, 1552, 837, 419, 824
438, 193, 1558, 235, 1551, 836, 421, 823
439, 194, 1556, 236, 1550, 836, 422, 823
441, 195, 1555, 237, 1548, 835, 423, 822
442, 196, 1554, 238, 1547, 835, 424, 822
443, 197, 1551, 239, 1545, 835, 425, 822
444, 198, 1550, 241, 1544, 835, 426, 821
445, 199, 1549, 242, 1542, 835, 427, 821
446, 201, 1547, 243, 1541, 835, 428, 821
448, 202, 1545, 245, 1539, 835, 429, 821
449, 204, 1544, 246, 1538, 835, 430, 821
450, 205, 1542, 248, 1536, 835, 431, 821
451, 206, 1540, 249, 1535, 834, 433, 820
453, 207, 1539, 250, 1534, 834, 434, 820
455, 208, 1537, 251, 1532, 833, 436, 819
456, 210, 1536, 253, 1531, 833, 438, 819
458, 211, 1535, 254, 1530, 832, 439, 818
460, 212, 1534, 255, 1529, 832, 441, 817
462, 213, 1532, 256, 1528, 831, 443, 817
464, 214, 1531, 257, 1526, 830, 445, 816
465, 214, 1530, 257, 1525, 830, 446, 815
467, 215, 1529, 258, 1524, 829, 448, 815
469, 217, 1527, 260, 1523, 829, 449, 814
471, 218, 1526, 261, 1522, 829, 451, 814
472, 219, 1525, 262, 1521, 829, 453, 814
474, 221, 1524, 264, 1520, 828, 455, 814
476, 222, 1523, 265, 1519, 828, 456, 814
478, 224, 1522, 266, 1518, 828, 458, 814
480, 225, 1521, 268, 1517, 828, 460, 814
482, 227, 1519, 269, 1516, 828, 462, 814
484, 228, 1518, 271, 1516, 828, 464, 813
486, 230, 1518, 272, 1515, 828, 467, 813
488, 231, 1517, 274, 1514, 828, 469, 813
491, 233, 1516, 275, 1514, 828, 471, 813
493, 235, 1515, 277, 1513, 828, 474, 813
496, 237, 1514, 279, 1512, 828, 476, 813
498, 238, 1513, 280, 1511, 828, 478, 813
500, 239, 1512, 282, 1510, 828, 480, 813
502, 241, 1511, 283, 1509, 827, 482, 813
505, 243, 1509, 285, 1506, 825, 486, 811
508, 245, 1507, 286, 1505, 825, 488, 811
509, 246, 1506, 288, 1504, 825, 490, 811
511, 247, 1505, 289, 1504, 826, 491, 811
512, 249, 1505, 290, 1504, 826, 492, 811
514, 250, 1503, 292, 1502, 825, 494, 811
516, 252, 1502, 293, 1501, 826, 495, 811
518, 253, 1500, 294, 1499, 825, 498, 807
519, 255, 1499, 295, 1498, 824, 499, 810
521, 256, 1497, 297, 1497, 824, 501, 809
522, 257, 1496, 298, 1495, 824, 502, 809
524, 259, 1494, 299, 1494, 823, 504, 809
526, 260, 1493, 301, 1493, 823, 505, 808
527, 261, 1491, 302, 1491, 823, 507, 808
529, 263, 1490, 304, 1490, 823, 508, 808
530, 264, 1488, 305, 1488, 823, 509, 808
531, 265, 1487, 306, 1487, 822, 511, 808
533, 266, 1485, 307, 1486, 822, 512, 807
534, 268, 1484, 309, 1484, 822, 514, 807
535, 269, 1482, 310, 1483, 822, 515, 807
536, 271, 1481, 312, 1481, 822, 516, 807
537, 272, 1479, 313, 1479, 822, 517, 808
538, 274, 1477, 315, 1478, 823, 518, 808
539, 276, 1475, 317, 1476, 823, 518, 808
539, 277, 1473, 318, 1474, 823, 519, 808
540, 279, 1471, 320, 1472, 823, 519, 808
541, 280, 1469, 322, 1470, 823, 520, 809
542, 282, 1467, 323, 1469, 824, 521, 809
543, 284, 1466, 325, 1467, 824, 522, 809
544, 286, 1464, 327, 1465, 824, 523, 809
544, 287, 1462, 328, 1464, 824, 523, 810
545, 289, 1460, 330, 1462, 825, 524, 810
546, 291, 1459, 332, 1460, 825, 525, 811
547, 293, 1457, 333, 1459, 826, 525, 811
547, 295, 1455, 335, 1457, 826, 526, 812
548, 296, 1453, 336, 1456, 827, 527, 812
548, 298, 1452, 338, 1454, 827, 527, 813
549, 300, 1450, 340, 1453, 827, 528, 813
549, 301, 1449, 341, 1451, 827, 528, 813
549, 302, 1447, 342, 1450, 827, 528, 813
550, 303, 1445, 343, 1448, 827, 529, 813
550, 304, 1444, 343, 1446, 826, 529, 813
551, 305, 1442, 344, 1445, 826, 530, 812
551, 305, 1441, 345, 1444, 825, 530, 812
551, 306, 1439, 345, 1442, 825, 531, 811
552, 306, 1438, 346, 1441, 824, 531, 811
552, 307, 1436, 346, 1439, 824, 532, 810
553, 307, 1435, 346, 1438, 823, 532, 809
553, 307, 1433, 346, 1437, 822, 532, 809
553, 308, 1432, 346, 1435, 821, 533, 808
554, 308, 1430, 347, 1434, 821, 533, 807
554, 309, 1429, 347, 1433, 820, 534, 807
555, 309, 1427, 348, 1431, 820, 534, 807
555, 310, 1426, 348, 1430, 819, 535, 806
555, 310, 1425, 349, 1429, 819, 535, 806
556, 311, 1423, 349, 1428, 819, 535, 806
556, 311, 1422, 350, 1426, 818, 536, 806
556, 312, 1421, 351, 1425, 818, 536, 806
557, 313, 1419, 351, 1424, 818, 536, 806
557, 314, 1418, 352, 1423, 818, 537, 806
558, 315, 1417, 353, 1422, 818, 538, 806
558, 317, 1416, 354, 1421, 819, 538, 806
559, 318, 1415, 356, 1420, 819, 539, 807
560, 320, 1413, 357, 1419, 820, 540, 808
560, 321, 1412, 359, 1418, 820, 541, 808
561, 323, 1411, 360, 1417, 821, 541, 809
562, 325, 1410, 362, 1416, 821, 542, 809
562, 326, 1409, 363, 1414, 822, 542, 810
563, 328, 1407, 365, 1413, 823, 543, 811
563, 329, 1406, 366, 1411, 823, 543, 811
563, 331, 1404, 368, 1410, 824, 543, 812
563, 332, 1402, 369, 1408, 824, 543, 812
563, 334, 1400, 371, 1406, 825, 543, 812
563, 335, 1399, 372, 1405, 825, 543, 813
564, 336, 1397, 374, 1403, 826, 543, 813
564, 338, 1395, 375, 1402, 826, 543, 814
565, 339, 1394, 377, 1400, 827, 544, 814
565, 340, 1393, 378, 1399, 827, 544, 814
566, 342, 1392, 380, 1398, 828, 545, 815
567, 343, 1391, 382, 1397, 829, 546, 815
568, 344, 1389, 383, 1395, 829, 546, 815
568, 346, 1388, 385, 1394, 830, 547, 816
569, 347, 1387, 387, 1393, 830, 548, 816
570, 349, 1386, 389, 1392, 831, 549, 817
571, 351, 1385, 391, 1391, 832, 549, 818
572, 353, 1384, 393, 1390, 833, 550, 819
573, 354, 1383, 395, 1388, 835, 550, 820
573, 356, 1382, 397, 1387, 836, 551, 821
574, 358, 1381, 398, 1386, 836, 551, 821
574, 359, 1380, 400, 1385, 837, 552, 822
575, 360, 1379, 402, 1384, 837, 552, 822
576, 361, 1377, 403, 1383, 838, 553, 823
576, 363, 1376, 404, 1381, 839, 553, 823
577, 364, 1375, 406, 1380, 839, 554, 823
578, 365, 1374, 407, 1379, 840, 555, 824
578, 367, 1373, 409, 1378, 840, 555, 824
579, 368, 1371, 411, 1377, 841, 556, 825
579, 370, 1370, 413, 1375, 842, 556, 825
580, 372, 1369, 414, 1374, 843, 557, 826
581, 373, 1368, 416, 1373, 844, 557, 827
581, 375, 1366, 418, 1372, 845, 558, 828
582, 376, 1365, 420, 1370, 845, 558, 828
582, 378, 1364, 421, 1369, 846, 558, 829
582, 379, 1362, 423, 1367, 846, 558, 829
582, 381, 1360, 424, 1365, 847, 558, 830
582, 382, 1358, 426, 1364, 847, 558, 830
582, 383, 1356, 427, 1362, 848, 558, 830
582, 385, 1354, 429, 1360, 848, 558, 831
582, 386, 1352, 430, 1358, 849, 558, 831
582, 388, 1350, 432, 1356, 849, 558, 832
581, 389, 1349, 433, 1354, 850, 558, 832
581, 390, 1347, 434, 1352, 850, 557, 832
580, 391, 1345, 435, 1350, 850, 556, 832
580, 392, 1343, 436, 1348, 850, 556, 832
580, 393, 1341, 437, 1347, 849, 556, 832
580, 393, 1339, 437, 1345, 849, 556, 832
580, 394, 1337, 437, 1343, 848, 557, 830
580, 393, 1336, 437, 1342, 847, 556, 830
580, 393, 1334, 437, 1341, 846, 556, 829
579, 393, 1333, 436, 1340, 845, 556, 828
580, 392, 1332, 436, 1339, 844, 556, 827
579, 391, 1331, 435, 1338, 843, 556, 826
579, 390, 1330, 434, 1337, 841, 556, 824
579, 389, 1329, 433, 1336, 839, 556, 822
579, 388, 1328, 432, 1335, 837, 556, 821
579, 386, 1327, 431, 1334, 836, 556, 819
579, 385, 1327, 430, 1334, 834, 557, 817
580, 384, 1326, 428, 1334, 832, 557, 815
580, 383, 1326, 427, 1333, 830, 558, 814
581, 381, 1326, 426, 1333, 829, 558, 812
582, 380, 1326, 425, 1333, 827, 559, 810
582, 379, 1326, 424, 1333, 825, 560, 809
583, 377, 1326, 422, 1334, 824, 561, 807
584, 376, 1326, 421, 1334, 822, 563, 805
586, 375, 1327, 420, 1335, 820, 564, 803
587, 373, 1328, 418, 1336, 818, 565, 801
589, 371, 1328, 417, 1336, 816, 567, 799
591, 370, 1329, 415, 1338, 814, 569, 796
592, 368, 1331, 414, 1339, 812, 571, 794
594, 366, 1332, 412, 1340, 810, 573, 792
596, 365, 1333, 410, 1342, 808, 575, 790
599, 363, 1335, 409, 1343, 806, 578, 788
601, 361, 1337, 407, 1345, 804, 580, 786
604, 359, 1339, 405, 1347, 802, 583, 784
606, 357, 1341, 403, 1350, 800, 586, 781
609, 355, 1343, 401, 1352, 798, 589, 779
611, 353, 1345, 400, 1354, 796, 591, 777
614, 351, 1347, 398, 1356, 793, 594, 774
617, 349, 1349, 396, 1358, 791, 597, 772
620, 347, 1352, 394, 1361, 789, 600, 769
623, 344, 1354, 391, 1363, 786, 603, 767
626, 342, 1357, 389, 1366, 784, 606, 764
629, 340, 1360, 387, 1369, 781, 610, 762
632, 338, 1362, 385, 1372, 779, 613, 759
635, 336, 1365, 383, 1374, 777, 616, 757
638, 333, 1368, 381, 1377, 775, 619, 754
642, 331, 1370, 379, 1380, 772, 623, 752
645, 329, 1373, 377, 1383, 770, 627, 749
648, 327, 1376, 375, 1386, 768, 630, 747
652, 325, 1379, 373, 1389, 766, 633, 744
655, 323, 1382, 370, 1391, 763, 637, 742
658, 320, 1384, 368, 1394, 761, 640, 739
661, 318, 1387, 366, 1397, 759, 643, 737
664, 317, 1390, 365, 1400, 757, 647, 735
667, 315, 1392, 363, 1402, 755, 650, 733
670, 313, 1395, 361, 1405, 753, 653, 731
673, 311, 1397, 360, 1407, 751, 656, 729
676, 309, 1400, 358, 1410, 749, 659, 727
679, 308, 1402, 356, 1412, 747, 663, 725
682, 306, 1404, 355, 1415, 746, 665, 723
685, 304, 1407, 353, 1417, 744, 669, 721
688, 303, 1409, 351, 1420, 742, 672, 719
691, 301, 1412, 350, 1422, 740, 675, 717
694, 299, 1414, 348, 1425, 738, 678, 715
696, 298, 1416, 346, 1427, 736, 680, 713
698, 296, 1419, 345, 1429, 735, 683, 711
701, 294, 1420, 343, 1431, 733, 685, 709
702, 292, 1422, 341, 1433, 731, 687, 707
705, 290, 1424, 339, 1435, 728, 689, 704
707, 287, 1425, 337, 1437, 725, 691, 701
709, 285, 1427, 335, 1439, 724, 693, 700
711, 284, 1429, 333, 1440, 722, 695, 698
713, 282, 1430, 332, 1442, 721, 697, 696
714, 280, 1432, 330, 1443, 719, 699, 694
716, 279, 1433, 329, 1445, 718, 700, 693
717, 277, 1435, 327, 1446, 716, 702, 691
718, 275, 1436, 326, 1447, 715, 703, 690
719, 273, 1437, 325, 1449, 713, 704, 688
721, 272, 1438, 323, 1450, 712, 705, 686
721, 270, 1439, 322, 1451, 710, 706, 684
722, 268, 1440, 320, 1451, 709, 707, 683
723, 266, 1440, 318, 1452, 707, 708, 681
723, 264, 1441, 317, 1453, 705, 708, 679
724, 262, 1441, 315, 1453, 704, 709, 677
724, 260, 1442, 314, 1453, 702, 709, 675
725, 258, 1442, 312, 1454, 701, 710, 673
725, 256, 1443, 311, 1454, 699, 710, 672
726, 255, 1443, 310, 1455, 699, 710, 670
726, 253, 1444, 309, 1455, 697, 711, 669
727, 251, 1444, 308, 1456, 696, 711, 667
727, 249, 1445, 307, 1456, 695, 712, 665
728, 248, 1446, 305, 1457, 694, 712, 664
728, 246, 1446, 304, 1457, 693, 712, 662
729, 244, 1447, 303, 1458, 692, 713, 661
729, 242, 1448, 302, 1459, 690, 713, 659
730, 240, 1448, 300, 1460, 689, 714, 658
731, 238, 1449, 299, 1461, 687, 715, 656
733, 237, 1451, 298, 1462, 687, 717, 655
734, 236, 1452, 297, 1464, 686, 718, 654
735, 235, 1453, 296, 1465, 685, 719, 652
736, 233, 1455, 295, 1466, 684, 720, 651
737, 232, 1456, 293, 1468, 683, 721, 650
738, 231, 1457, 292, 1469, 682, 722, 649
739, 230, 1458, 292, 1469, 681, 723, 648
740, 228, 1459, 291, 1471, 680, 724, 647
741, 227, 1460, 290, 1472, 680, 724, 646
741, 226, 1461, 289, 1472, 679, 725, 645
741, 225, 1461, 288, 1473, 679, 725, 645
741, 224, 1461, 288, 1473, 678, 725, 644
741, 223, 1461, 287, 1473, 677, 725, 643
741, 221, 1462, 286, 1474, 676, 724, 642
740, 220, 1462, 285, 1474, 676, 724, 641
740, 220, 1462, 284, 1474, 676, 724, 641
739, 219, 1462, 284, 1475, 675, 724, 641
739, 219, 1462, 284, 1475, 675, 723, 641
739, 219, 1462, 284, 1475, 675, 723, 642
739, 219, 1462, 284, 1476, 676, 724, 642
739, 219, 1462, 284, 1477, 676, 724, 642
739, 220, 1462, 284, 1477, 676, 724, 643
738, 220, 1462, 284, 1478, 677, 724, 644
738, 221, 1462, 285, 1478, 677, 723, 645
737, 221, 1462, 285, 1478, 677, 723, 645
736, 222, 1461, 285, 1478, 678, 722, 646
735, 222, 1461, 285, 1477, 678, 722, 647
734, 223, 1460, 286, 1477, 679, 721, 648
733, 224, 1459, 287, 1477, 680, 720, 649
732, 225, 1458, 288, 1476, 681, 719, 650
730, 226, 1458, 288, 1476, 682, 717, 652
729, 227, 1456, 289, 1475, 683, 716, 653
728, 228, 1455, 290, 1475, 684, 715, 655
727, 229, 1454, 291, 1474, 686, 714, 656
725, 231, 1453, 293, 1473, 687, 712, 658
723, 232, 1452, 294, 1472, 688, 711, 660
721, 234, 1450, 295, 1470, 689, 709, 662
719, 235, 1448, 297, 1469, 691, 707, 663
718, 237, 1446, 298, 1468, 693, 705, 665
716, 238, 1445, 300, 1466, 694, 704, 667
715, 240, 1443, 301, 1465, 695, 702, 669
713, 241, 1442, 302, 1464, 697, 701, 670
711, 243, 1440, 304, 1463, 697, 699, 672
709, 243, 1438, 304, 1461, 698, 697, 673
707, 244, 1436, 305, 1459, 699, 695, 674
705, 245, 1434, 306, 1458, 700, 693, 675
703, 246, 1433, 307, 1457, 701, 692, 676
701, 247, 1431, 307, 1456, 701, 690, 677
699, 247, 1429, 308, 1454, 702, 688, 678
698, 248, 1428, 309, 1453, 703, 687, 679
696, 249, 1426, 310, 1451, 703, 685, 680
695, 250, 1425, 311, 1450, 704, 684, 681
693, 251, 1424, 312, 1449, 705, 683, 682
692, 252, 1423, 312, 1449, 706, 681, 683
691, 252, 1421, 312, 1448, 706, 680, 683
690, 252, 1420, 312, 1447, 706, 679, 683
689, 253, 1419, 313, 1446, 707, 679, 684
688, 253, 1419, 314, 1446, 708, 678, 685
687, 254, 1418, 314, 1445, 708, 677, 685
685, 254, 1417, 314, 1444, 708, 675, 686
684, 254, 1416, 314, 1443, 708, 673, 686
683, 254, 1415, 314, 1442, 709, 673, 686
682, 255, 1414, 315, 1441, 709, 672, 687
681, 255, 1413, 316, 1441, 710, 671, 688
680, 256, 1412, 317, 1440, 711, 670, 689
679, 257, 1411, 318, 1439, 712, 669, 690
678, 258, 1410, 318, 1438, 713, 667, 690
677, 259, 1409, 319, 1437, 714, 667, 692
676, 260, 1409, 321, 1437, 715, 666, 693
675, 261, 1407, 322, 1436, 716, 665, 694
674, 262, 1407, 323, 1435, 717, 663, 696
673, 263, 1405, 323, 1434, 718, 663, 697
672, 264, 1405, 324, 1434, 719, 662, 697
671, 264, 1404, 325, 1433, 719, 661, 698
670, 265, 1403, 325, 1432, 720, 660, 699
669, 266, 1402, 326, 1432, 721, 659, 700
668, 266, 1402, 326, 1431, 721, 658, 700
667, 266, 1401, 327, 1431, 722, 657, 701
666, 267, 1400, 327, 1430, 722, 656, 701
666, 267, 1400, 327, 1430, 722, 655, 702
665, 267, 1399, 327, 1429, 723, 655, 702
664, 267, 1399, 327, 1429, 723, 654, 702
664, 267, 1399, 327, 1429, 723, 653, 702
663, 267, 1398, 327, 1429, 723, 653, 703
662, 267, 1398, 327, 1429, 723, 652, 703
662, 267, 1398, 327, 1429, 723, 652, 703
661, 267, 1398, 327, 1429, 724, 651, 703
661, 266, 1398, 327, 1429, 724, 650, 703
660, 266, 1398, 327, 1429, 724, 650, 704
659, 266, 1397, 327, 1428, 724, 649, 704
658, 266, 1397, 327, 1428, 724, 648, 704
658, 266, 1397, 327, 1428, 724, 647, 704
657, 266, 1397, 327, 1428, 725, 647, 704
656, 266, 1396, 327, 1428, 725, 646, 705
655, 266, 1396, 327, 1428, 725, 645, 705
654, 265, 1396, 327, 1427, 725, 644, 705
653, 265, 1395, 326, 1427, 725, 643, 705
653, 265, 1395, 326, 1427, 725, 642, 705
652, 265, 1395, 326, 1426, 725, 641, 705
651, 264, 1394, 326, 1426, 725, 640, 706
650, 264, 1394, 326, 1426, 725, 639, 706
649, 264, 1394, 325, 1425, 725, 638, 706
648, 263, 1393, 325, 1425, 725, 637, 705
646, 262, 1393, 324, 1425, 725, 636, 705
646, 262, 1392, 324, 1424, 724, 635, 704
644, 261, 1392, 323, 1424, 724, 634, 704
643, 261, 1391, 323, 1423, 724, 632, 704
642, 260, 1391, 322, 1423, 724, 631, 704
641, 259, 1390, 322, 1422, 723, 630, 703
640, 259, 1389, 321, 1421, 722, 628, 702
638, 258, 1389, 320, 1421, 722, 627, 702
637, 257, 1388, 320, 1420, 722, 626, 702
636, 257, 1387, 319, 1420, 722, 625, 702
635, 257, 1387, 319, 1419, 722, 624, 702
634, 256, 1386, 319, 1419, 722, 623, 702
633, 256, 1386, 319, 1418, 722, 622, 702
632, 256, 1385, 318, 1418, 721, 621, 701
631, 255, 1385, 318, 1418, 721, 620, 701
629, 254, 1384, 317, 1417, 721, 618, 702
628, 254, 1383, 317, 1416, 721, 617, 702
627, 254, 1382, 317, 1416, 721, 616, 702
626, 253, 1382, 317, 1415, 721, 615, 702
625, 253, 1381, 316, 1415, 721, 614, 702
623, 253, 1381, 316, 1414, 721, 612, 702
622, 252, 1380, 316, 1414, 720, 611, 701
621, 252, 1379, 315, 1413, 720, 610, 701
620, 252, 1379, 315, 1412, 720, 609, 701
619, 252, 1378, 315, 1412, 720, 608, 702
618, 252, 1377, 315, 1412, 720, 607, 702
617, 252, 1377, 315, 1411, 721, 606, 702
616, 252, 1376, 315, 1411, 721, 605, 702
615, 252, 1376, 315, 1411, 721, 604, 703
614, 252, 1376, 315, 1410, 721, 604, 703
614, 252, 1376, 315, 1410, 721, 603, 704
613, 252, 1375, 315, 1410, 722, 602, 704
612, 252, 1375, 314, 1410, 722, 601, 704
611, 251, 1375, 314, 1410, 721, 600, 704
610, 251, 1375, 314, 1410, 721, 599, 704
609, 250, 1375, 313, 1410, 721, 599, 704
609, 250, 1375, 313, 1410, 721, 598, 704
608, 249, 1375, 312, 1410, 721, 597, 703
607, 248, 1375, 312, 1410, 721, 596, 703
606, 248, 1375, 311, 1410, 720, 596, 703
606, 247, 1375, 311, 1410, 720, 595, 703
605, 246, 1374, 310, 1410, 720, 594, 702
604, 246, 1374, 309, 1410, 719, 593, 702
603, 245, 1374, 309, 1410, 719, 592, 702
602, 244, 1374, 308, 1410, 718, 591, 701
601, 243, 1374, 307, 1410, 718, 590, 701
600, 242, 1374, 306, 1410, 718, 589, 700
599, 240, 1374, 305, 1410, 717, 588, 699
598, 240, 1374, 304, 1410, 716, 587, 699
597, 238, 1374, 303, 1410, 715, 586, 698
597, 237, 1374, 302, 1410, 715, 585, 697
596, 236, 1373, 301, 1410, 714, 585, 696
595, 235, 1373, 300, 1410, 714, 583, 696
594, 234, 1373, 299, 1410, 713, 582, 695
593, 233, 1373, 298, 1410, 712, 581, 694
592, 231, 1373, 297, 1410, 712, 580, 694
591, 230, 1373, 296, 1409, 711, 579, 693
590, 229, 1373, 295, 1409, 711, 578, 693
589, 228, 1372, 294, 1409, 710, 577, 692
587, 228, 1372, 294, 1409, 710, 576, 692
586, 227, 1372, 294, 1408, 710, 575, 692
585, 227, 1372, 293, 1408, 710, 574, 692
585, 227, 1371, 293, 1409, 711, 573, 693
584, 226, 1371, 293, 1409, 711, 572, 693
583, 226, 1371, 293, 1409, 711, 571, 693
582, 225, 1372, 292, 1409, 711, 570, 693
581, 225, 1372, 292, 1409, 711, 569, 693
580, 224, 1372, 291, 1409, 711, 568, 693
580, 223, 1372, 290, 1410, 711, 567, 693
579, 223, 1372, 290, 1410, 711, 566, 693
578, 223, 1372, 290, 1410, 711, 565, 693
577, 222, 1372, 290, 1410, 712, 565, 693
576, 222, 1372, 290, 1410, 712, 564, 694
576, 223, 1372, 290, 1410, 712, 563, 695
575, 223, 1372, 290, 1410, 713, 562, 695
574, 223, 1372, 291, 1410, 714, 561, 696
