165, 173, 1689, 188, 1620, 946, 228, 959
165, 173, 1689, 188, 1620, 946, 228, 959
165, 173, 1689, 188, 1620, 946, 228, 959
165, 173, 1689, 188, 1620, 946, 228, 959
165, 173, 1689, 188, 1620, 946, 228, 959
165, 173, 1689, 188, 1620, 946, 228, 959
165, 173, 1689, 188, 1620, 946, 228, 959
165, 173, 1689, 188, 1620, 946, 228, 959
165, 173, 1689, 188, 1620, 946, 228, 959
165, 173, 1689, 188, 1620, 946, 228, 959
165, 173, 1689, 188, 1620, 946, 228, 959
165, 173, 1689, 188, 1620, 946, 228, 959
165, 173, 1689, 188, 1620, 946, 228, 959
165, 173, 1689, 188, 1620, 946, 228, 959
165, 173, 1689, 188, 1620, 946, 228, 959
165, 173, 1689, 188, 1620, 946, 228, 959
165, 173, 1689, 188, 1620, 946, 228, 959
165, 173, 1689, 188, 1620, 946, 228, 959
165, 173, 1689, 188, 1620, 946, 228, 959
165, 173, 1689, 188, 1620, 946, 228, 959
165, 173, 1690, 189, 1620, 946, 228, 959
165, 173, 1690, 189, 1620, 946, 228, 959
165, 173, 1690, 189, 1620, 946, 228, 959
165, 173, 1690, 189, 1620, 946, 228, 959
165, 173, 1690, 189, 1620, 946, 228, 959
165, 173, 1690, 189, 1620, 946, 228, 959
165, 173, 1690, 189, 1620, 946, 228, 959
165, 173, 1690, 189, 1620, 946, 228, 959
165, 173, 1690, 189, 1620, 946, 228, 959
165, 173, 1690, 189, 1620, 946, 228, 959
165, 173, 1690, 189, 1620, 946, 228, 959
165, 173, 1690, 189, 1620, 946, 228, 959
165, 173, 1690, 189, 1620, 946, 228, 959
165, 173, 1690, 189, 1620, 946, 228, 959
165, 173, 1690, 189, 1620, 946, 228, 959
165, 173, 1690, 189, 1620, 946, 228, 959
165, 173, 1690, 189, 1620, 946, 228, 959
165, 173, 1690, 189, 1620, 946, 228, 959
165, 173, 1690, 189, 1620, 946, 228, 959
165, 173, 1690, 189, 1620, 946, 228, 959
165, 173, 1690, 189, 1620, 946, 228, 959
165, 173, 1690, 189, 1620, 946, 228, 959
165, 173, 1690, 189, 1620, 946, 228, 959
165, 173, 1690, 189, 1620, 946, 228, 959
165, 173, 1690, 189, 1620, 946, 228, 959
165, 173, 1690, 189, 1620, 946, 228, 959
165, 173, 1690, 189, 1620, 946, 228, 959
165, 173, 1690, 189, 1620, 946, 228, 959
165, 173, 1690, 189, 1620, 946, 228, 959
165, 173, 1690, 189, 1620, 946, 228, 959
165, 173, 1690, 189, 1620, 946, 228, 959
165, 173, 1690, 189, 1620, 946, 228, 959
165, 173, 1690, 189, 1620, 946, 228, 959
165, 173, 1690, 189, 1620, 946, 228, 959
165, 173, 1690, 189, 1620, 946, 228, 959
165, 173, 1690, 189, 1620, 946, 228, 959
165, 173, 1690, 189, 1620, 946, 228, 959
165, 173, 1690, 189, 1620, 946, 228, 959
165, 173, 1690, 189, 1620, 946, 228, 959
165, 173, 1690, 189, 1620, 946, 228, 959
165, 173, 1690, 189, 1620, 946, 228, 959
165, 173, 1690, 189, 1620, 946, 228, 959
165, 173, 1690, 189, 1620, 946, 228, 959
165, 173, 1690, 189, 1620, 946, 228, 959
165, 173, 1690, 189, 1620, 946, 228, 959
165, 173, 1690, 189, 1620, 946, 228, 959
165, 173, 1690, 189, 1620, 946, 228, 959
165, 173, 1690, 189, 1620, 946, 228, 959
165, 173, 1690, 189, 1620, 946, 228, 959
165, 173, 1690, 189, 1620, 946, 228, 959
165, 173, 1690, 189, 1620, 946, 228, 959
165, 173, 1690, 189, 1620, 946, 228, 959
165, 173, 1690, 189, 1620, 946, 228, 959
165, 173, 1690, 189, 1620, 946, 228, 959
165, 173, 1690, 189, 1620, 946, 228, 959
165, 173, 1690, 189, 1620, 946, 228, 959
165, 173, 1690, 189, 1620, 946, 228, 959
165, 173, 1690, 189, 1620, 946, 228, 959
165, 173, 1690, 189, 1620, 946, 228, 959
165, 173, 1690, 189, 1620, 946, 228, 959
165, 173, 1690, 189, 1620, 946, 228, 959
165, 173, 1690, 189, 1620, 946, 228, 959
165, 173, 1690, 189, 1620, 946, 228, 959
165, 173, 1690, 189, 1620, 946, 228, 959
165, 173, 1690, 189, 1620, 946, 228, 959
165, 173, 1690, 189, 1620, 946, 228, 959
165, 173, 1690, 189, 1620, 946, 228, 959
166, 173, 1690, 189, 1621, 946, 229, 959
166, 173, 1690, 189, 1621, 946, 229, 959
166, 173, 1690, 189, 1621, 946, 229, 959
166, 173, 1690, 189, 1621, 946, 229, 959
164, 173, 1690, 189, 1620, 946, 228, 959
164, 173, 1690, 189, 1620, 946, 228, 959
166, 173, 1690, 189, 1620, 946, 229, 959
166, 173, 1690, 189, 1620, 946, 229, 959
166, 173, 1690, 189, 1620, 946, 229, 959
166, 173, 1690, 189, 1620, 946, 229, 959
164, 173, 1690, 189, 1619, 946, 228, 959
164, 173, 1690, 189, 1619, 946, 228, 959
164, 174, 1690, 189, 1618, 945, 229, 958
164, 174, 1690, 189, 1620, 945, 229, 958
164, 174, 1690, 189, 1620, 945, 229, 958
164, 174, 1690, 189, 1620, 945, 229, 958
164, 174, 1690, 189, 1620, 945, 229, 958
164, 174, 1690, 189, 1620, 945, 229, 958
164, 174, 1690, 189, 1620, 945, 229, 958
164, 174, 1690, 189, 1620, 945, 229, 958
164, 174, 1690, 189, 1620, 945, 229, 958
164, 174, 1690, 189, 1620, 945, 229, 958
164, 174, 1690, 189, 1620, 945, 229, 958
164, 174, 1690, 189, 1620, 945, 229, 958
164, 174, 1690, 189, 1620, 945, 229, 958
164, 174, 1690, 189, 1620, 945, 229, 958
164, 174, 1690, 189, 1620, 945, 229, 958
164, 174, 1690, 189, 1620, 945, 229, 958
164, 174, 1690, 189, 1620, 945, 229, 958
164, 174, 1690, 189, 1620, 945, 229, 958
164, 174, 1690, 189, 1620, 945, 229, 958
164, 174, 1690, 189, 1620, 945, 229, 958
164, 174, 1690, 189, 1620, 945, 229, 958
164, 174, 1690, 189, 1620, 945, 229, 958
164, 174, 1690, 189, 1620, 945, 229, 958
164, 174, 1690, 189, 1620, 945, 229, 958
164, 174, 1690, 189, 1620, 945, 229, 958
164, 174, 1690, 189, 1620, 945, 229, 958
164, 174, 1690, 189, 1620, 945, 229, 958
164, 174, 1690, 189, 1620, 945, 229, 958
164, 174, 1690, 189, 1620, 945, 229, 958
164, 174, 1690, 189, 1620, 945, 229, 958
164, 174, 1690, 189, 1620, 945, 229, 958
164, 174, 1690, 189, 1620, 945, 229, 958
164, 174, 1690, 189, 1620, 945, 229, 958
164, 174, 1690, 189, 1620, 945, 229, 958
164, 174, 1690, 189, 1620, 945, 229, 958
164, 174, 1690, 189, 1620, 945, 229, 958
164, 174, 1690, 189, 1620, 945, 229, 958
164, 174, 1690, 189, 1620, 945, 229, 958
164, 174, 1690, 189, 1620, 945, 229, 958
164, 174, 1690, 189, 1620, 945, 229, 958
164, 174, 1690, 189, 1620, 945, 229, 958
164, 174, 1690, 189, 1620, 945, 229, 958
164, 174, 1690, 189, 1620, 945, 229, 958
164, 174, 1690, 189, 1620, 945, 229, 958
164, 174, 1690, 189, 1620, 945, 229, 958
164, 174, 1690, 189, 1620, 945, 229, 958
164, 174, 1690, 189, 1620, 945, 229, 958
164, 174, 1690, 189, 1620, 945, 229, 958
164, 174, 1690, 189, 1620, 945, 229, 958
164, 174, 1690, 189, 1620, 945, 229, 958
164, 174, 1690, 189, 1620, 945, 229, 958
164, 174, 1690, 189, 1620, 945, 229, 958
164, 174, 1690, 189, 1620, 945, 229, 958
164, 174, 1690, 189, 1620, 945, 229, 958
164, 174, 1690, 189, 1620, 945, 229, 958
164, 174, 1690, 189, 1620, 945, 229, 958
164, 174, 1690, 189, 1620, 945, 229, 958
164, 174, 1690, 189, 1620, 945, 229, 958
164, 174, 1690, 189, 1620, 945, 229, 958
164, 174, 1690, 189, 1620, 945, 229, 958
164, 174, 1690, 189, 1620, 945, 229, 958
164, 174, 1690, 189, 1620, 945, 229, 958
164, 174, 1690, 189, 1620, 945, 229, 958
164, 174, 1690, 189, 1620, 945, 229, 958
164, 174, 1690, 189, 1620, 945, 229, 958
164, 174, 1690, 189, 1620, 945, 229, 958
164, 174, 1690, 189, 1620, 945, 229, 958
164, 174, 1690, 189, 1620, 945, 229, 958
164, 174, 1690, 189, 1620, 945, 229, 958
164, 174, 1690, 189, 1620, 945, 229, 958
164, 174, 1690, 189, 1620, 945, 229, 958
164, 174, 1690, 189, 1620, 945, 229, 958
164, 174, 1690, 189, 1620, 945, 229, 958
164, 174, 1690, 189, 1620, 945, 229, 958
164, 174, 1690, 189, 1620, 945, 229, 958
164, 174, 1690, 189, 1620, 945, 229, 958
164, 174, 1690, 189, 1620, 945, 229, 958
164, 174, 1690, 189, 1620, 945, 229, 958
164, 174, 1690, 189, 1620, 945, 229, 958
164, 174, 1690, 189, 1620, 945, 229, 958
164, 174, 1690, 189, 1620, 945, 229, 958
164, 174, 1690, 189, 1620, 945, 229, 958
164, 174, 1690, 189, 1620, 945, 229, 958
164, 174, 1690, 189, 1620, 945, 229, 958
164, 174, 1690, 189, 1620, 945, 229, 958
164, 174, 1690, 189, 1620, 945, 229, 958
164, 174, 1690, 189, 1620, 945, 229, 958
164, 174, 1690, 189, 1620, 945, 229, 958
164, 174, 1690, 189, 1620, 945, 229, 958
164, 174, 1690, 189, 1620, 945, 229, 958
164, 174, 1690, 189, 1620, 945, 229, 958
164, 174, 1690, 189, 1620, 945, 229, 958
164, 174, 1690, 189, 1620, 945, 229, 958
164, 174, 1690, 189, 1620, 945, 229, 958
164, 174, 1690, 189, 1620, 945, 229, 958
164, 174, 1690, 189, 1620, 945, 229, 958
164, 174, 1690, 189, 1620, 945, 229, 958
164, 174, 1690, 189, 1620, 945, 229, 958
164, 174, 1690, 189, 1620, 945, 229, 958
164, 174, 1690, 189, 1620, 945, 229, 958
164, 174, 1690, 189, 1620, 945, 229, 958
165, 177, 1690, 189, 1621, 945, 229, 961
165, 177, 1690, 189, 1621, 945, 229, 961
165, 177, 1690, 189, 1621, 945, 229, 961
165, 177, 1690, 189, 1621, 945, 229, 961
165, 177, 1690, 189, 1621, 945, 229, 961
165, 177, 1690, 189, 1621, 945, 229, 961
165, 177, 1690, 189, 1621, 945, 229, 961
165, 177, 1690, 189, 1621, 945, 229, 961
165, 177, 1690, 189, 1621, 945, 229, 961
165, 177, 1690, 189, 1621, 945, 229, 961
165, 177, 1690, 189, 1621, 945, 229, 961
166, 177, 1690, 189, 1622, 945, 229, 961
165, 177, 1690, 189, 1622, 945, 229, 961
165, 177, 1690, 189, 1622, 945, 229, 961
165, 177, 1690, 189, 1622, 945, 229, 961
165, 177, 1690, 189, 1622, 945, 229, 961
165, 177, 1690, 189, 1622, 945, 229, 961
165, 177, 1690, 189, 1622, 944, 229, 960
165, 177, 1690, 189, 1622, 944, 229, 960
166, 177, 1690, 189, 1622, 944, 230, 960
166, 177, 1690, 189, 1622, 944, 230, 960
165, 177, 1690, 189, 1621, 944, 229, 960
165, 177, 1690, 189, 1621, 944, 229, 960
165, 177, 1690, 189, 1621, 944, 230, 960
165, 177, 1690, 189, 1621, 944, 230, 960
165, 177, 1690, 189, 1621, 944, 229, 960
165, 177, 1690, 189, 1621, 944, 229, 960
165, 177, 1690, 189, 1621, 944, 229, 960
165, 177, 1690, 189, 1621, 944, 229, 960
165, 177, 1690, 189, 1621, 944, 229, 960
165, 177, 1690, 189, 1621, 944, 229, 960
165, 177, 1690, 189, 1621, 944, 229, 960
165, 177, 1690, 189, 1621, 944, 229, 960
165, 177, 1690, 189, 1621, 944, 229, 960
165, 177, 1690, 189, 1621, 944, 229, 960
165, 177, 1690, 189, 1621, 944, 229, 960
165, 177, 1690, 189, 1621, 944, 229, 960
165, 177, 1690, 189, 1621, 944, 229, 960
165, 177, 1690, 189, 1621, 944, 229, 960
165, 177, 1690, 189, 1621, 944, 229, 960
165, 177, 1690, 189, 1621, 944, 229, 960
165, 177, 1690, 189, 1621, 944, 229, 960
165, 177, 1690, 189, 1621, 944, 229, 960
165, 177, 1690, 189, 1621, 944, 229, 960
165, 177, 1690, 189, 1621, 944, 229, 960
165, 177, 1690, 189, 1621, 944, 229, 960
165, 177, 1690, 189, 1621, 944, 229, 960
165, 177, 1690, 189, 1621, 944, 229, 960
165, 177, 1690, 189, 1621, 944, 229, 960
165, 177, 1690, 189, 1621, 944, 229, 960
165, 177, 1690, 189, 1621, 944, 229, 960
165, 177, 1690, 189, 1621, 944, 229, 960
165, 177, 1690, 189, 1621, 944, 229, 960
165, 177, 1690, 189, 1621, 944, 229, 960
165, 177, 1690, 189, 1621, 944, 229, 960
165, 177, 1690, 189, 1621, 944, 229, 960
165, 177, 1690, 189, 1621, 944, 229, 960
165, 177, 1690, 189, 1621, 944, 229, 960
165, 177, 1690, 189, 1621, 944, 229, 960
165, 177, 1690, 189, 1621, 944, 229, 960
165, 177, 1690, 189, 1621, 944, 229, 960
165, 177, 1690, 189, 1621, 944, 229, 960
165, 177, 1690, 189, 1621, 944, 229, 960
165, 177, 1690, 189, 1621, 944, 229, 960
165, 177, 1690, 189, 1621, 944, 229, 960
165, 177, 1690, 189, 1621, 944, 229, 960
165, 177, 1690, 189, 1621, 944, 229, 960
165, 177, 1690, 189, 1621, 944, 229, 960
165, 177, 1690, 189, 1621, 944, 229, 960
165, 177, 1690, 189, 1621, 944, 229, 960
165, 177, 1690, 189, 1621, 944, 229, 960
165, 177, 1690, 189, 1621, 944, 229, 960
165, 177, 1690, 189, 1621, 944, 229, 960
165, 177, 1690, 189, 1621, 944, 229, 960
165, 177, 1690, 189, 1621, 944, 229, 960
165, 177, 1690, 189, 1621, 944, 229, 960
165, 177, 1690, 189, 1621, 944, 229, 960
165, 177, 1690, 189, 1621, 944, 229, 960
165, 177, 1690, 189, 1621, 944, 229, 960
165, 177, 1690, 189, 1621, 944, 229, 960
165, 177, 1690, 189, 1621, 944, 229, 960
165, 177, 1690, 189, 1621, 944, 229, 960
165, 177, 1690, 189, 1621, 944, 229, 960
165, 177, 1690, 189, 1621, 944, 229, 960
165, 177, 1690, 189, 1621, 944, 229, 960
165, 177, 1690, 189, 1621, 944, 229, 960
165, 177, 1690, 189, 1621, 944, 229, 960
165, 177, 1690, 189, 1621, 944, 229, 960
165, 177, 1690, 189, 1621, 944, 229, 960
165, 177, 1690, 189, 1621, 944, 229, 960
165, 177, 1690, 189, 1621, 944, 229, 960
165, 177, 1690, 189, 1621, 944, 229, 960
165, 177, 1690, 189, 1621, 944, 229, 960
165, 177, 1690, 189, 1621, 944, 229, 960
165, 177, 1690, 189, 1621, 944, 229, 960
165, 177, 1690, 189, 1621, 944, 229, 960
165, 177, 1690, 189, 1621, 944, 229, 960
165, 177, 1690, 189, 1621, 944, 229, 960
165, 177, 1690, 189, 1621, 944, 229, 960
165, 177, 1690, 189, 1621, 944, 229, 960
165, 177, 1690, 189, 1621, 945, 229, 963
165, 177, 1690, 189, 1621, 945, 229, 963
165, 177, 1690, 189, 1621, 945, 229, 963
165, 177, 1690, 189, 1621, 945, 229, 963
165, 177, 1690, 189, 1621, 945, 229, 963
165, 177, 1690, 189, 1621, 945, 229, 963
165, 177, 1690, 189, 1621, 945, 229, 963
165, 177, 1690, 189, 1621, 945, 229, 963
165, 177, 1690, 189, 1621, 945, 229, 963
165, 177, 1690, 189, 1621, 945, 229, 963
165, 177, 1690, 189, 1621, 945, 229, 963
165, 177, 1690, 189, 1621, 945, 229, 963
165, 177, 1690, 189, 1621, 945, 229, 963
165, 177, 1690, 189, 1621, 945, 229, 963
165, 177, 1690, 189, 1621, 945, 229, 963
165, 177, 1690, 189, 1621, 945, 229, 963
165, 177, 1690, 189, 1621, 945, 229, 963
165, 177, 1690, 189, 1621, 945, 229, 963
165, 177, 1690, 189, 1621, 945, 229, 963
165, 177, 1690, 189, 1621, 945, 229, 963
165, 177, 1690, 189, 1621, 945, 229, 963
165, 177, 1690, 189, 1621, 945, 229, 963
165, 177, 1690, 189, 1621, 945, 229, 963
165, 177, 1690, 189, 1621, 945, 229, 963
165, 177, 1690, 189, 1621, 945, 229, 963
165, 177, 1690, 189, 1621, 945, 229, 963
165, 177, 1690, 189, 1621, 945, 229, 963
165, 177, 1690, 189, 1621, 945, 229, 963
165, 177, 1690, 189, 1621, 945, 229, 963
165, 177, 1690, 189, 1621, 945, 229, 963
165, 177, 1690, 189, 1621, 945, 229, 963
165, 177, 1690, 189, 1621, 945, 229, 963
165, 177, 1690, 189, 1621, 945, 229, 963
167, 177, 1690, 189, 1621, 946, 229, 963
166, 176, 1690, 189, 1621, 946, 229, 963
166, 177, 1690, 189, 1621, 946, 229, 963
165, 177, 1690, 189, 1621, 946, 229, 963
165, 177, 1690, 189, 1621, 946, 229, 963
165, 177, 1690, 189, 1621, 946, 229, 963
164, 177, 1690, 189, 1622, 946, 229, 963
165, 177, 1692, 189, 1622, 946, 229, 963
166, 177, 1692, 189, 1622, 946, 230, 963
166, 177, 1692, 189, 1622, 946, 230, 963
166, 177, 1692, 189, 1622, 946, 230, 963
166, 177, 1692, 189, 1622, 946, 230, 963
165, 177, 1692, 189, 1621, 946, 229, 963
165, 177, 1692, 189, 1621, 946, 229, 963
166, 177, 1692, 189, 1621, 946, 230, 963
166, 177, 1692, 189, 1621, 946, 230, 963
166, 177, 1692, 189, 1621, 946, 230, 963
166, 177, 1692, 189, 1621, 946, 230, 963
166, 177, 1692, 189, 1621, 946, 230, 963
166, 177, 1692, 189, 1621, 946, 230, 963
166, 177, 1692, 189, 1621, 946, 230, 963
166, 177, 1692, 189, 1621, 946, 230, 963
166, 177, 1692, 189, 1621, 946, 230, 963
166, 177, 1692, 189, 1621, 946, 230, 963
166, 177, 1692, 189, 1621, 946, 230, 963
166, 177, 1692, 189, 1621, 946, 230, 963
166, 177, 1692, 189, 1621, 946, 230, 963
166, 177, 1690, 189, 1621, 946, 230, 963
166, 177, 1690, 189, 1621, 946, 230, 963
166, 177, 1690, 189, 1621, 946, 230, 963
166, 177, 1690, 189, 1621, 946, 230, 963
166, 177, 1690, 189, 1621, 946, 230, 963
166, 177, 1690, 189, 1621, 946, 230, 963
166, 177, 1690, 189, 1621, 946, 230, 963
166, 177, 1690, 189, 1621, 946, 230, 963
166, 177, 1690, 189, 1621, 946, 230, 963
166, 177, 1690, 189, 1621, 946, 230, 963
166, 177, 1690, 189, 1621, 946, 230, 963
166, 177, 1690, 189, 1621, 946, 230, 963
166, 177, 1690, 189, 1621, 946, 230, 963
166, 177, 1690, 189, 1621, 946, 230, 963
166, 177, 1690, 189, 1621, 946, 230, 963
166, 177, 1690, 189, 1621, 946, 230, 963
166, 177, 1690, 189, 1621, 946, 230, 963
166, 177, 1690, 189, 1621, 946, 230, 963
166, 177, 1690, 189, 1621, 946, 230, 963
166, 177, 1690, 189, 1621, 946, 230, 963
166, 177, 1690, 189, 1621, 946, 230, 963
166, 177, 1690, 189, 1621, 946, 230, 963
166, 177, 1690, 189, 1621, 946, 230, 963
166, 177, 1690, 189, 1621, 946, 230, 963
166, 177, 1690, 189, 1621, 946, 230, 963
166, 177, 1690, 189, 1621, 946, 230, 963
166, 177, 1690, 189, 1621, 946, 230, 963
166, 177, 1690, 189, 1621, 946, 230, 963
166, 177, 1690, 189, 1621, 946, 230, 963
166, 177, 1690, 189, 1621, 946, 230, 963
166, 177, 1690, 189, 1621, 946, 230, 963
166, 177, 1690, 189, 1621, 946, 230, 963
166, 177, 1690, 189, 1621, 946, 230, 963
166, 177, 1690, 189, 1621, 946, 230, 963
166, 177, 1690, 189, 1621, 946, 230, 963
166, 177, 1690, 189, 1621, 946, 230, 963
166, 177, 1690, 189, 1621, 946, 230, 963
166, 177, 1690, 189, 1621, 946, 230, 963
166, 177, 1690, 189, 1621, 946, 230, 963
166, 177, 1690, 189, 1621, 946, 230, 963
166, 177, 1690, 189, 1621, 946, 230, 963
166, 177, 1690, 189, 1621, 946, 230, 963
166, 177, 1690, 189, 1621, 946, 230, 963
166, 177, 1690, 189, 1621, 946, 230, 963
166, 177, 1690, 189, 1621, 946, 230, 963
166, 177, 1690, 189, 1621, 946, 230, 963
166, 177, 1690, 189, 1621, 946, 230, 963
166, 177, 1690, 189, 1621, 946, 230, 963
164, 176, 1690, 189, 1621, 946, 230, 963
165, 177, 1690, 189, 1621, 946, 230, 963
163, 176, 1690, 189, 1621, 946, 230, 963
163, 176, 1690, 189, 1621, 946, 230, 963
163, 176, 1690, 189, 1621, 946, 230, 963
163, 176, 1690, 189, 1621, 947, 231, 964
164, 176, 1690, 189, 1621, 947, 231, 964
164, 176, 1690, 189, 1621, 947, 231, 964
164, 176, 1690, 189, 1621, 947, 231, 964
164, 176, 1690, 189, 1622, 947, 231, 964
164, 176, 1690, 189, 1622, 947, 231, 964
165, 177, 1690, 189, 1622, 946, 232, 963
165, 177, 1690, 189, 1622, 946, 232, 963
164, 177, 1690, 189, 1621, 946, 231, 963
164, 177, 1690, 189, 1621, 946, 231, 963
164, 177, 1690, 189, 1621, 946, 231, 963
164, 177, 1690, 189, 1621, 946, 231, 963
165, 177, 1690, 189, 1620, 946, 232, 963
165, 177, 1690, 189, 1620, 946, 232, 963
165, 177, 1690, 189, 1620, 946, 231, 963
164, 177, 1690, 189, 1620, 946, 231, 963
164, 177, 1690, 189, 1620, 946, 231, 963
164, 177, 1690, 189, 1620, 946, 231, 963
164, 177, 1690, 189, 1620, 946, 231, 963
164, 177, 1690, 189, 1620, 946, 231, 963
164, 177, 1690, 189, 1620, 946, 231, 963
164, 177, 1690, 189, 1620, 946, 231, 963
164, 177, 1690, 189, 1620, 946, 231, 963
164, 177, 1690, 189, 1620, 946, 231, 963
164, 177, 1690, 189, 1620, 946, 231, 963
164, 177, 1690, 189, 1620, 946, 231, 963
164, 177, 1690, 189, 1620, 946, 231, 963
164, 177, 1689, 190, 1620, 946, 231, 963
164, 177, 1689, 190, 1620, 946, 231, 963
164, 177, 1689, 190, 1620, 946, 231, 963
164, 177, 1689, 190, 1620, 946, 231, 963
164, 177, 1689, 190, 1620, 946, 231, 963
164, 177, 1689, 190, 1620, 946, 231, 963
164, 177, 1689, 190, 1620, 946, 231, 963
164, 177, 1689, 190, 1620, 946, 231, 963
164, 177, 1689, 190, 1620, 946, 231, 963
164, 177, 1689, 190, 1620, 946, 231, 963
164, 177, 1689, 190, 1620, 946, 231, 963
164, 177, 1689, 190, 1620, 946, 231, 963
164, 177, 1689, 190, 1620, 946, 231, 963
164, 177, 1689, 190, 1620, 946, 231, 963
164, 177, 1689, 190, 1620, 946, 231, 963
164, 177, 1689, 190, 1620, 946, 231, 963
164, 177, 1689, 190, 1620, 946, 231, 963
164, 177, 1689, 190, 1620, 946, 231, 963
164, 177, 1689, 190, 1620, 946, 231, 963
164, 177, 1689, 190, 1620, 946, 231, 963
164, 177, 1689, 190, 1620, 946, 231, 963
164, 177, 1689, 190, 1620, 946, 231, 963
164, 177, 1689, 190, 1620, 946, 231, 963
164, 177, 1689, 190, 1620, 946, 231, 963
164, 177, 1689, 190, 1620, 946, 231, 963
164, 177, 1689, 190, 1620, 946, 231, 963
164, 177, 1689, 190, 1620, 946, 231, 963
164, 177, 1689, 190, 1620, 946, 231, 963
164, 177, 1689, 190, 1620, 946, 231, 963
164, 177, 1689, 190, 1620, 946, 231, 963
164, 177, 1689, 190, 1620, 946, 231, 963
164, 177, 1689, 190, 1620, 946, 231, 963
164, 177, 1689, 190, 1620, 946, 231, 963
164, 177, 1689, 190, 1620, 946, 231, 963
164, 177, 1689, 190, 1620, 946, 231, 963
164, 177, 1689, 190, 1620, 946, 231, 963
164, 177, 1689, 190, 1620, 946, 231, 963
164, 177, 1689, 190, 1620, 946, 231, 963
164, 177, 1689, 190, 1620, 946, 231, 963
164, 177, 1689, 190, 1620, 946, 231, 963
164, 177, 1688, 189, 1620, 946, 231, 963
164, 177, 1688, 189, 1620, 946, 231, 963
164, 177, 1688, 189, 1620, 946, 231, 963
164, 177, 1688, 189, 1620, 946, 231, 963
164, 177, 1688, 189, 1620, 946, 231, 963
164, 177, 1688, 189, 1620, 946, 231, 963
164, 177, 1688, 189, 1620, 946, 231, 963
164, 177, 1688, 189, 1620, 946, 231, 963
164, 177, 1688, 189, 1620, 946, 231, 963
164, 177, 1688, 189, 1620, 946, 231, 963
164, 177, 1688, 189, 1620, 946, 231, 963
165, 177, 1688, 189, 1621, 946, 229, 962
164, 177, 1688, 189, 1621, 946, 229, 962
165, 177, 1688, 189, 1621, 946, 227, 962
163, 176, 1688, 189, 1621, 946, 227, 962
163, 176, 1688, 189, 1621, 946, 227, 962
163, 176, 1688, 189, 1621, 946, 227, 962
163, 176, 1688, 189, 1622, 947, 227, 962
164, 176, 1688, 189, 1622, 947, 227, 962
164, 176, 1688, 189, 1622, 947, 227, 962
164, 176, 1690, 189, 1622, 947, 228, 962
164, 176, 1690, 189, 1622, 947, 228, 962
164, 176, 1690, 189, 1622, 947, 228, 962
164, 177, 1690, 189, 1621, 946, 228, 961
164, 177, 1690, 189, 1621, 946, 228, 961
164, 177, 1690, 189, 1621, 946, 228, 961
164, 177, 1690, 189, 1621, 946, 228, 961
165, 177, 1690, 189, 1620, 946, 229, 961
165, 177, 1690, 189, 1620, 946, 229, 961
165, 177, 1690, 189, 1620, 946, 228, 961
164, 177, 1690, 189, 1620, 946, 228, 961
164, 177, 1690, 189, 1620, 946, 228, 961
164, 177, 1690, 189, 1620, 946, 228, 961
164, 177, 1690, 189, 1620, 946, 228, 961
164, 177, 1690, 189, 1620, 946, 228, 961
164, 177, 1690, 189, 1620, 946, 228, 961
164, 177, 1690, 189, 1620, 946, 228, 961
164, 177, 1690, 189, 1620, 946, 228, 961
164, 177, 1690, 189, 1620, 946, 228, 961
164, 177, 1690, 189, 1620, 946, 228, 961
164, 177, 1690, 189, 1620, 946, 228, 961
164, 177, 1690, 189, 1620, 946, 228, 961
164, 177, 1690, 189, 1620, 946, 228, 961
164, 177, 1690, 189, 1620, 946, 228, 961
164, 177, 1690, 189, 1620, 946, 228, 961
164, 177, 1690, 189, 1620, 946, 228, 961
164, 177, 1690, 189, 1620, 946, 228, 961
164, 177, 1690, 189, 1620, 946, 228, 961
164, 177, 1690, 189, 1620, 946, 228, 961
164, 177, 1690, 189, 1620, 946, 228, 961
164, 177, 1690, 189, 1620, 946, 228, 961
164, 177, 1690, 189, 1620, 946, 228, 961
164, 177, 1690, 189, 1620, 946, 228, 961
164, 177, 1690, 189, 1620, 946, 228, 961
164, 177, 1690, 189, 1620, 946, 228, 961
164, 177, 1690, 189, 1620, 946, 228, 961
164, 177, 1690, 189, 1620, 946, 228, 961
164, 177, 1690, 189, 1620, 946, 228, 961
164, 177, 1690, 189, 1620, 946, 228, 961
164, 177, 1690, 189, 1620, 946, 228, 961
164, 177, 1690, 189, 1620, 946, 228, 961
164, 177, 1690, 189, 1620, 946, 228, 961
164, 177, 1690, 189, 1620, 946, 228, 961
164, 177, 1690, 189, 1620, 946, 228, 961
164, 177, 1690, 189, 1620, 946, 228, 961
164, 177, 1690, 189, 1620, 946, 228, 961
164, 177, 1690, 189, 1620, 946, 228, 961
164, 177, 1690, 189, 1620, 946, 228, 961
164, 177, 1690, 189, 1620, 946, 228, 961
164, 177, 1690, 189, 1620, 946, 228, 961
164, 177, 1690, 189, 1620, 946, 228, 961
164, 177, 1690, 189, 1620, 946, 228, 961
164, 177, 1690, 189, 1620, 946, 228, 961
164, 177, 1690, 189, 1620, 946, 228, 961
164, 177, 1690, 189, 1620, 946, 228, 961
164, 177, 1690, 189, 1620, 946, 228, 961
164, 177, 1690, 189, 1620, 946, 228, 961
164, 177, 1690, 189, 1620, 946, 228, 961
164, 177, 1690, 189, 1620, 946, 228, 961
164, 177, 1690, 189, 1620, 946, 228, 961
164, 177, 1689, 190, 1620, 946, 228, 961
164, 177, 1689, 190, 1620, 946, 228, 961
164, 177, 1689, 190, 1620, 946, 228, 961
164, 177, 1689, 190, 1620, 946, 228, 961
164, 177, 1689, 190, 1620, 946, 228, 961
164, 177, 1689, 190, 1620, 946, 228, 961
164, 177, 1689, 190, 1620, 946, 228, 961
164, 177, 1689, 190, 1620, 946, 228, 961
164, 177, 1689, 190, 1620, 946, 228, 961
164, 177, 1689, 190, 1620, 946, 228, 961
164, 177, 1689, 190, 1620, 946, 228, 961
164, 177, 1689, 190, 1620, 946, 228, 961
164, 177, 1689, 190, 1620, 946, 228, 961
164, 177, 1689, 190, 1620, 946, 228, 961
164, 177, 1689, 190, 1620, 946, 228, 961
164, 177, 1689, 190, 1620, 946, 228, 961
164, 177, 1689, 190, 1620, 946, 228, 961
165, 178, 1689, 190, 1620, 946, 228, 963
164, 178, 1689, 190, 1620, 946, 228, 963
164, 178, 1689, 190, 1620, 946, 228, 963
163, 178, 1691, 191, 1620, 946, 228, 963
163, 178, 1691, 191, 1620, 946, 228, 963
163, 178, 1691, 191, 1620, 946, 228, 963
162, 177, 1691, 191, 1621, 946, 228, 963
164, 177, 1691, 191, 1621, 946, 228, 963
164, 177, 1691, 191, 1621, 946, 228, 963
164, 177, 1691, 191, 1621, 946, 228, 963
164, 177, 1691, 191, 1621, 946, 228, 963
164, 177, 1691, 191, 1621, 946, 228, 963
164, 177, 1691, 191, 1622, 946, 228, 963
164, 177, 1691, 191, 1622, 946, 228, 963
164, 178, 1691, 191, 1621, 945, 228, 962
164, 178, 1691, 191, 1621, 945, 228, 962
164, 178, 1691, 191, 1621, 945, 229, 962
164, 178, 1691, 191, 1621, 945, 229, 962
164, 178, 1691, 191, 1621, 945, 229, 962
164, 178, 1691, 191, 1621, 945, 229, 962
164, 178, 1691, 191, 1621, 945, 229, 962
163, 178, 1691, 191, 1621, 945, 229, 962
163, 178, 1691, 191, 1621, 945, 229, 962
