134, 143, 1722, 160, 1645, 970, 205, 985
134, 143, 1722, 160, 1644, 970, 205, 985
134, 143, 1722, 160, 1643, 970, 205, 985
134, 143, 1722, 160, 1643, 970, 205, 985
134, 143, 1722, 160, 1643, 970, 205, 985
134, 143, 1722, 160, 1643, 970, 205, 985
134, 143, 1722, 160, 1643, 970, 205, 985
134, 143, 1722, 160, 1644, 970, 205, 985
134, 143, 1722, 160, 1644, 970, 205, 985
134, 143, 1722, 160, 1644, 970, 205, 985
134, 143, 1722, 160, 1644, 970, 205, 985
134, 143, 1722, 160, 1644, 970, 205, 985
134, 143, 1722, 160, 1644, 970, 205, 985
134, 143, 1722, 160, 1644, 970, 205, 985
134, 143, 1722, 160, 1645, 970, 205, 985
134, 143, 1722, 160, 1645, 970, 205, 985
134, 143, 1722, 160, 1645, 970, 205, 985
134, 143, 1722, 160, 1645, 970, 205, 985
134, 143, 1722, 160, 1645, 970, 205, 985
134, 143, 1722, 160, 1645, 970, 205, 985
134, 142, 1722, 160, 1646, 971, 205, 986
134, 142, 1722, 160, 1646, 971, 205, 986
134, 142, 1722, 160, 1646, 971, 205, 986
134, 142, 1722, 160, 1646, 971, 205, 986
134, 143, 1722, 160, 1645, 970, 205, 985
134, 143, 1722, 160, 1645, 970, 205, 985
134, 143, 1722, 160, 1644, 970, 205, 985
134, 143, 1722, 160, 1644, 970, 205, 985
134, 143, 1722, 160, 1644, 970, 205, 985
134, 143, 1722, 160, 1644, 970, 205, 985
134, 143, 1722, 160, 1644, 970, 205, 985
134, 143, 1722, 160, 1644, 970, 205, 985
134, 143, 1722, 160, 1644, 970, 205, 985
134, 143, 1722, 160, 1644, 970, 205, 985
134, 143, 1722, 160, 1644, 970, 205, 985
134, 143, 1722, 160, 1644, 970, 205, 985
134, 143, 1722, 160, 1644, 970, 205, 985
134, 143, 1722, 160, 1644, 970, 205, 985
134, 143, 1722, 160, 1644, 970, 205, 985
134, 143, 1722, 160, 1644, 970, 205, 985
134, 143, 1722, 160, 1644, 970, 205, 985
134, 143, 1722, 160, 1644, 970, 205, 985
135, 143, 1722, 160, 1645, 971, 205, 985
134, 143, 1722, 160, 1645, 971, 205, 985
134, 143, 1722, 160, 1645, 971, 205, 985
134, 143, 1722, 160, 1645, 971, 205, 985
134, 144, 1722, 160, 1644, 970, 205, 984
134, 144, 1722, 160, 1644, 970, 205, 984
135, 143, 1722, 160, 1645, 971, 205, 985
135, 143, 1722, 160, 1645, 971, 205, 985
135, 143, 1722, 160, 1645, 971, 205, 985
135, 143, 1722, 160, 1645, 971, 205, 985
134, 144, 1722, 160, 1644, 970, 204, 984
134, 144, 1722, 160, 1644, 970, 204, 984
134, 144, 1722, 160, 1645, 970, 204, 984
134, 144, 1722, 160, 1645, 970, 204, 984
134, 144, 1722, 160, 1645, 970, 204, 985
134, 144, 1722, 160, 1645, 970, 204, 985
134, 144, 1722, 160, 1645, 970, 204, 985
134, 144, 1722, 160, 1645, 970, 204, 985
134, 144, 1722, 160, 1645, 970, 204, 985
134, 144, 1722, 160, 1645, 970, 204, 985
134, 144, 1722, 160, 1645, 970, 204, 985
134, 144, 1722, 160, 1645, 970, 204, 985
134, 144, 1722, 160, 1645, 970, 204, 985
134, 144, 1722, 160, 1645, 970, 204, 985
134, 144, 1722, 160, 1645, 970, 204, 985
134, 144, 1722, 160, 1645, 970, 204, 985
134, 144, 1722, 160, 1645, 970, 204, 985
134, 144, 1722, 160, 1645, 970, 204, 985
134, 144, 1722, 160, 1645, 970, 204, 985
134, 144, 1722, 160, 1645, 970, 204, 985
134, 144, 1722, 160, 1645, 970, 204, 985
134, 144, 1722, 160, 1645, 970, 204, 985
134, 144, 1722, 160, 1645, 970, 204, 985
134, 144, 1722, 160, 1645, 970, 204, 985
134, 144, 1722, 160, 1645, 970, 204, 985
134, 144, 1722, 160, 1645, 970, 204, 985
134, 144, 1722, 160, 1645, 970, 204, 985
134, 144, 1722, 160, 1645, 970, 204, 985
134, 144, 1722, 160, 1645, 970, 204, 985
134, 144, 1722, 160, 1645, 970, 204, 985
134, 144, 1722, 160, 1645, 970, 204, 985
134, 144, 1722, 160, 1645, 970, 204, 985
134, 144, 1722, 160, 1645, 970, 204, 985
134, 144, 1722, 160, 1645, 970, 204, 985
134, 144, 1722, 160, 1645, 970, 204, 985
134, 144, 1722, 160, 1645, 970, 204, 985
134, 144, 1722, 160, 1645, 970, 204, 985
134, 144, 1722, 160, 1645, 970, 204, 985
136, 144, 1722, 160, 1645, 970, 205, 985
135, 144, 1722, 160, 1645, 970, 205, 985
135, 144, 1722, 160, 1645, 970, 205, 985
135, 144, 1722, 160, 1645, 970, 205, 985
134, 144, 1722, 160, 1646, 970, 204, 985
134, 144, 1722, 160, 1646, 970, 204, 985
135, 145, 1722, 160, 1646, 969, 205, 984
135, 145, 1722, 160, 1646, 969, 205, 984
134, 145, 1722, 160, 1645, 969, 203, 984
134, 145, 1722, 160, 1645, 969, 203, 984
134, 145, 1720, 163, 1643, 969, 203, 984
134, 145, 1720, 163, 1643, 969, 203, 984
134, 145, 1720, 163, 1643, 969, 203, 984
134, 145, 1720, 163, 1643, 969, 203, 984
135, 145, 1720, 163, 1642, 969, 203, 984
135, 145, 1720, 163, 1642, 969, 203, 984
135, 145, 1720, 163, 1642, 969, 203, 984
135, 145, 1720, 163, 1642, 969, 203, 984
135, 145, 1720, 163, 1642, 969, 203, 984
135, 145, 1720, 163, 1642, 969, 203, 984
135, 145, 1720, 163, 1642, 969, 203, 984
135, 145, 1720, 163, 1642, 969, 203, 984
135, 145, 1720, 163, 1642, 969, 203, 984
135, 145, 1720, 163, 1642, 969, 203, 984
135, 145, 1720, 163, 1642, 969, 203, 984
135, 145, 1720, 163, 1642, 969, 203, 984
135, 145, 1720, 163, 1642, 969, 203, 984
135, 145, 1720, 163, 1642, 969, 203, 984
135, 145, 1720, 163, 1642, 969, 203, 984
135, 145, 1720, 163, 1642, 969, 203, 984
135, 145, 1720, 163, 1642, 969, 203, 984
135, 145, 1720, 163, 1642, 969, 203, 984
135, 145, 1720, 163, 1642, 969, 203, 984
135, 145, 1720, 163, 1642, 969, 203, 984
135, 145, 1720, 163, 1642, 969, 203, 984
135, 145, 1720, 163, 1642, 969, 203, 984
136, 145, 1720, 163, 1643, 970, 203, 984
135, 144, 1720, 163, 1643, 970, 203, 984
135, 144, 1720, 163, 1643, 970, 203, 984
135, 144, 1720, 163, 1643, 970, 203, 984
135, 144, 1720, 163, 1643, 970, 203, 984
135, 144, 1720, 163, 1643, 970, 203, 984
136, 145, 1720, 163, 1643, 969, 203, 983
136, 145, 1720, 163, 1643, 969, 203, 983
136, 145, 1720, 163, 1643, 969, 204, 983
136, 145, 1720, 163, 1643, 969, 204, 983
135, 145, 1720, 163, 1643, 969, 203, 983
135, 145, 1720, 163, 1643, 969, 203, 983
135, 145, 1720, 163, 1643, 969, 204, 983
135, 145, 1720, 163, 1643, 969, 204, 983
135, 145, 1720, 163, 1644, 969, 203, 983
135, 145, 1720, 163, 1644, 969, 203, 983
135, 145, 1720, 163, 1644, 969, 203, 983
135, 145, 1720, 163, 1644, 969, 203, 983
135, 145, 1720, 163, 1644, 969, 203, 983
135, 145, 1720, 163, 1644, 969, 203, 983
135, 145, 1720, 163, 1644, 969, 203, 983
135, 145, 1720, 163, 1644, 969, 203, 983
135, 145, 1720, 163, 1644, 969, 203, 983
135, 145, 1720, 163, 1644, 969, 203, 983
135, 145, 1721, 159, 1644, 969, 203, 987
135, 145, 1721, 159, 1644, 969, 203, 987
135, 145, 1721, 159, 1644, 969, 203, 987
135, 145, 1721, 159, 1644, 969, 203, 987
135, 145, 1721, 159, 1644, 969, 203, 987
135, 145, 1721, 159, 1644, 969, 203, 987
135, 145, 1721, 159, 1644, 969, 203, 987
135, 145, 1721, 159, 1644, 969, 203, 987
135, 145, 1721, 159, 1644, 969, 203, 987
135, 145, 1721, 159, 1644, 969, 203, 987
135, 145, 1721, 159, 1644, 969, 203, 987
135, 145, 1721, 159, 1644, 969, 203, 987
135, 145, 1721, 159, 1644, 969, 203, 987
135, 145, 1721, 159, 1644, 969, 203, 987
135, 145, 1721, 159, 1644, 969, 203, 987
135, 145, 1721, 159, 1644, 969, 203, 987
135, 145, 1721, 159, 1644, 969, 203, 987
135, 145, 1721, 159, 1644, 969, 203, 987
135, 145, 1721, 159, 1644, 969, 203, 987
135, 145, 1721, 159, 1644, 969, 203, 987
135, 145, 1721, 159, 1644, 969, 203, 987
135, 145, 1721, 159, 1644, 969, 203, 987
135, 145, 1721, 159, 1644, 969, 203, 987
135, 145, 1721, 159, 1644, 969, 203, 987
135, 145, 1721, 159, 1644, 969, 203, 987
135, 145, 1721, 159, 1644, 969, 203, 987
135, 145, 1721, 159, 1644, 969, 203, 987
135, 145, 1721, 159, 1644, 969, 203, 987
135, 145, 1721, 159, 1644, 969, 203, 987
135, 145, 1721, 159, 1644, 969, 203, 987
135, 145, 1721, 159, 1644, 969, 203, 987
135, 145, 1721, 159, 1644, 969, 203, 987
135, 145, 1721, 159, 1644, 969, 203, 987
135, 145, 1721, 159, 1644, 969, 203, 987
135, 145, 1721, 159, 1644, 969, 203, 987
135, 145, 1721, 159, 1644, 969, 203, 987
135, 145, 1721, 159, 1644, 969, 203, 987
135, 145, 1721, 159, 1644, 969, 203, 987
135, 145, 1721, 159, 1644, 969, 203, 987
135, 145, 1721, 159, 1644, 969, 203, 987
135, 145, 1721, 159, 1644, 969, 203, 987
135, 145, 1721, 159, 1644, 969, 203, 987
135, 145, 1721, 159, 1644, 969, 203, 987
135, 145, 1721, 159, 1644, 969, 203, 987
135, 145, 1721, 159, 1644, 969, 203, 987
135, 145, 1721, 159, 1644, 969, 203, 987
135, 145, 1721, 159, 1644, 969, 203, 987
135, 145, 1721, 159, 1644, 969, 203, 987
135, 145, 1721, 159, 1644, 969, 203, 987
135, 145, 1721, 159, 1644, 969, 203, 987
133, 146, 1720, 160, 1644, 969, 203, 987
133, 146, 1720, 160, 1644, 969, 203, 987
133, 146, 1720, 160, 1644, 969, 203, 987
133, 146, 1720, 160, 1644, 969, 203, 987
133, 146, 1720, 160, 1644, 969, 203, 987
133, 146, 1720, 160, 1644, 969, 203, 987
133, 146, 1720, 160, 1644, 969, 203, 987
133, 146, 1720, 160, 1644, 969, 203, 987
133, 146, 1720, 160, 1644, 969, 203, 987
133, 146, 1720, 160, 1644, 969, 203, 987
133, 146, 1720, 160, 1644, 969, 203, 987
133, 146, 1720, 160, 1644, 969, 203, 987
133, 146, 1720, 160, 1644, 969, 203, 987
133, 146, 1720, 160, 1644, 969, 203, 987
133, 146, 1720, 160, 1644, 969, 203, 987
133, 146, 1720, 160, 1644, 969, 203, 987
133, 146, 1720, 160, 1644, 969, 203, 987
133, 146, 1720, 160, 1644, 969, 203, 987
133, 146, 1720, 160, 1644, 969, 203, 987
133, 146, 1720, 160, 1644, 969, 203, 987
133, 146, 1720, 160, 1644, 969, 203, 987
133, 146, 1720, 160, 1644, 969, 203, 987
133, 146, 1720, 160, 1644, 969, 203, 987
133, 146, 1720, 160, 1644, 969, 203, 987
133, 146, 1720, 160, 1644, 969, 203, 987
133, 146, 1720, 160, 1644, 969, 203, 987
133, 146, 1720, 160, 1644, 969, 203, 987
133, 146, 1720, 160, 1644, 969, 203, 987
133, 146, 1720, 160, 1644, 969, 203, 987
133, 146, 1720, 160, 1644, 969, 203, 987
133, 146, 1720, 160, 1644, 969, 203, 987
133, 146, 1720, 160, 1644, 969, 203, 987
133, 146, 1720, 160, 1644, 969, 203, 987
133, 146, 1720, 160, 1644, 969, 203, 987
133, 146, 1720, 160, 1644, 969, 203, 987
133, 146, 1720, 160, 1644, 969, 203, 987
133, 146, 1720, 160, 1644, 969, 203, 987
133, 146, 1720, 160, 1644, 969, 203, 987
133, 146, 1720, 160, 1644, 969, 203, 987
133, 146, 1720, 160, 1644, 969, 203, 987
133, 146, 1720, 160, 1644, 969, 203, 987
133, 146, 1720, 160, 1644, 969, 203, 987
133, 146, 1720, 160, 1644, 969, 203, 987
133, 146, 1720, 160, 1644, 969, 203, 987
133, 146, 1720, 160, 1644, 969, 203, 987
133, 146, 1720, 160, 1644, 969, 203, 987
133, 146, 1720, 160, 1644, 969, 203, 987
133, 146, 1720, 160, 1644, 969, 203, 987
133, 146, 1720, 160, 1644, 969, 203, 987
133, 146, 1720, 160, 1644, 969, 203, 987
135, 146, 1720, 160, 1646, 970, 204, 987
133, 145, 1720, 160, 1646, 970, 204, 987
133, 145, 1720, 160, 1646, 970, 202, 987
131, 144, 1720, 160, 1646, 970, 202, 987
131, 144, 1720, 160, 1646, 970, 202, 987
131, 144, 1720, 160, 1646, 970, 202, 987
131, 145, 1720, 160, 1646, 970, 202, 987
131, 145, 1720, 160, 1646, 970, 202, 987
132, 145, 1720, 160, 1645, 970, 203, 987
132, 145, 1720, 160, 1645, 970, 203, 987
132, 145, 1720, 160, 1645, 970, 203, 987
132, 145, 1720, 160, 1645, 970, 203, 987
131, 145, 1720, 160, 1644, 970, 202, 987
131, 145, 1720, 160, 1644, 970, 202, 987
131, 145, 1720, 160, 1643, 970, 203, 987
131, 145, 1720, 160, 1643, 970, 203, 987
131, 145, 1720, 160, 1643, 970, 203, 987
131, 145, 1720, 160, 1643, 970, 203, 987
131, 145, 1720, 160, 1643, 970, 203, 987
131, 145, 1720, 160, 1643, 970, 203, 987
131, 145, 1720, 160, 1643, 970, 203, 987
131, 145, 1720, 160, 1643, 970, 203, 987
131, 145, 1720, 160, 1643, 970, 203, 987
131, 145, 1720, 160, 1643, 970, 203, 987
131, 145, 1720, 160, 1643, 970, 203, 987
131, 145, 1720, 160, 1643, 970, 203, 987
131, 145, 1720, 160, 1643, 970, 203, 987
131, 145, 1720, 160, 1643, 970, 203, 987
131, 145, 1720, 160, 1643, 970, 203, 987
131, 145, 1720, 160, 1643, 970, 203, 987
131, 145, 1720, 160, 1643, 970, 203, 987
131, 145, 1720, 160, 1643, 970, 203, 987
131, 145, 1720, 160, 1643, 970, 203, 987
131, 145, 1720, 160, 1643, 970, 203, 987
131, 145, 1720, 160, 1643, 970, 203, 987
131, 145, 1720, 160, 1643, 970, 203, 987
131, 145, 1720, 160, 1643, 970, 203, 987
131, 145, 1720, 160, 1643, 970, 203, 987
131, 145, 1720, 160, 1643, 970, 203, 987
131, 145, 1720, 160, 1643, 970, 203, 987
131, 145, 1720, 160, 1643, 970, 203, 987
131, 145, 1720, 160, 1643, 970, 203, 987
131, 145, 1720, 160, 1643, 970, 203, 987
131, 145, 1720, 160, 1643, 970, 203, 987
131, 145, 1720, 160, 1643, 970, 203, 987
131, 145, 1720, 160, 1643, 970, 203, 987
131, 145, 1720, 160, 1643, 970, 203, 987
131, 145, 1720, 160, 1643, 970, 203, 987
131, 145, 1720, 160, 1643, 970, 203, 987
131, 145, 1720, 160, 1643, 970, 203, 987
131, 145, 1720, 160, 1643, 970, 203, 987
131, 145, 1720, 160, 1643, 970, 203, 987
131, 145, 1720, 160, 1643, 970, 203, 987
131, 145, 1720, 160, 1643, 970, 203, 987
131, 145, 1720, 160, 1643, 970, 203, 987
131, 145, 1720, 160, 1643, 970, 203, 987
131, 145, 1720, 160, 1643, 970, 203, 987
131, 145, 1720, 160, 1643, 970, 203, 987
131, 145, 1720, 160, 1643, 970, 203, 987
131, 145, 1720, 160, 1643, 970, 203, 987
131, 145, 1720, 160, 1643, 970, 203, 987
131, 145, 1720, 160, 1643, 970, 203, 987
131, 145, 1720, 160, 1643, 970, 203, 987
131, 145, 1720, 160, 1643, 970, 203, 987
131, 145, 1720, 160, 1643, 970, 203, 987
131, 145, 1720, 160, 1643, 970, 203, 987
131, 145, 1720, 160, 1643, 970, 203, 987
131, 145, 1720, 160, 1643, 970, 203, 987
131, 145, 1720, 160, 1643, 970, 203, 987
131, 145, 1720, 160, 1643, 970, 203, 987
131, 145, 1720, 160, 1643, 970, 203, 987
131, 145, 1720, 160, 1643, 970, 203, 987
131, 145, 1720, 160, 1643, 970, 203, 987
131, 145, 1720, 160, 1643, 970, 203, 987
131, 145, 1720, 160, 1643, 970, 203, 987
131, 145, 1720, 160, 1643, 970, 203, 987
132, 145, 1720, 160, 1645, 970, 203, 987
130, 144, 1720, 160, 1645, 970, 203, 987
129, 143, 1720, 160, 1646, 971, 201, 987
127, 142, 1720, 160, 1646, 971, 201, 987
127, 142, 1720, 160, 1646, 971, 201, 987
127, 142, 1720, 160, 1646, 971, 201, 987
127, 142, 1720, 160, 1646, 971, 202, 987
129, 143, 1720, 160, 1646, 971, 202, 987
130, 143, 1720, 160, 1645, 971, 203, 987
130, 143, 1720, 160, 1645, 971, 203, 987
130, 143, 1720, 160, 1645, 971, 203, 987
130, 143, 1720, 160, 1645, 971, 203, 987
130, 143, 1720, 160, 1645, 971, 203, 987
130, 143, 1720, 160, 1645, 971, 203, 987
129, 143, 1720, 160, 1644, 971, 202, 987
129, 143, 1720, 160, 1644, 971, 202, 987
129, 143, 1720, 160, 1643, 971, 203, 987
130, 143, 1720, 160, 1643, 971, 203, 987
130, 143, 1720, 160, 1643, 971, 203, 987
130, 143, 1720, 160, 1643, 971, 203, 987
130, 143, 1720, 160, 1643, 971, 203, 987
130, 143, 1720, 160, 1643, 971, 203, 987
130, 143, 1720, 160, 1643, 971, 203, 987
130, 143, 1720, 160, 1643, 971, 203, 987
130, 143, 1720, 160, 1643, 971, 203, 987
130, 143, 1720, 160, 1643, 971, 203, 987
130, 143, 1720, 160, 1643, 971, 203, 987
130, 143, 1720, 160, 1643, 971, 203, 987
130, 143, 1720, 160, 1643, 971, 203, 987
130, 143, 1720, 160, 1643, 971, 203, 987
130, 143, 1720, 160, 1643, 971, 203, 987
130, 143, 1720, 160, 1643, 971, 203, 987
130, 143, 1720, 160, 1643, 971, 203, 987
130, 143, 1720, 160, 1643, 971, 203, 987
130, 143, 1720, 160, 1643, 971, 203, 987
130, 143, 1720, 160, 1643, 971, 203, 987
130, 143, 1720, 160, 1643, 971, 203, 987
130, 143, 1720, 160, 1643, 971, 203, 987
130, 143, 1720, 160, 1643, 971, 203, 987
130, 143, 1720, 160, 1643, 971, 203, 987
130, 143, 1720, 160, 1643, 971, 203, 987
130, 143, 1720, 160, 1643, 971, 203, 987
130, 143, 1720, 160, 1643, 971, 203, 987
130, 143, 1720, 160, 1643, 971, 203, 987
130, 143, 1720, 160, 1643, 971, 203, 987
130, 143, 1720, 160, 1643, 971, 203, 987
130, 143, 1720, 160, 1643, 971, 203, 987
130, 143, 1720, 160, 1643, 971, 203, 987
130, 143, 1720, 160, 1643, 971, 203, 987
130, 143, 1720, 160, 1643, 971, 203, 987
130, 143, 1720, 160, 1643, 971, 203, 987
130, 143, 1720, 160, 1643, 971, 203, 987
130, 143, 1720, 160, 1643, 971, 203, 987
130, 143, 1720, 160, 1643, 971, 203, 987
130, 143, 1720, 160, 1643, 971, 203, 987
130, 143, 1720, 160, 1643, 971, 203, 987
130, 143, 1720, 160, 1643, 971, 203, 987
130, 143, 1720, 160, 1643, 971, 203, 987
130, 143, 1720, 160, 1643, 971, 203, 987
130, 143, 1720, 160, 1643, 971, 203, 987
130, 143, 1720, 160, 1643, 971, 203, 987
130, 143, 1720, 160, 1643, 971, 203, 987
130, 143, 1720, 160, 1643, 971, 203, 987
130, 143, 1720, 160, 1643, 971, 203, 987
130, 143, 1720, 160, 1643, 971, 203, 987
130, 143, 1720, 160, 1643, 971, 203, 987
130, 143, 1720, 160, 1643, 971, 203, 987
130, 143, 1720, 160, 1643, 971, 203, 987
130, 143, 1720, 160, 1643, 971, 203, 987
130, 143, 1720, 160, 1643, 971, 203, 987
130, 143, 1720, 160, 1643, 971, 203, 987
130, 143, 1720, 160, 1643, 971, 203, 987
130, 143, 1720, 160, 1643, 971, 203, 987
130, 143, 1720, 160, 1643, 971, 203, 987
132, 147, 1720, 160, 1644, 970, 203, 987
132, 147, 1720, 160, 1644, 970, 203, 987
132, 147, 1720, 160, 1644, 970, 203, 987
132, 147, 1720, 160, 1644, 970, 203, 987
132, 147, 1720, 160, 1644, 970, 203, 987
132, 147, 1720, 160, 1644, 970, 203, 987
132, 147, 1720, 160, 1644, 970, 203, 987
132, 147, 1720, 160, 1644, 970, 203, 987
133, 147, 1720, 160, 1645, 970, 203, 987
131, 146, 1720, 160, 1645, 970, 203, 987
129, 145, 1720, 160, 1646, 970, 201, 987
128, 144, 1720, 160, 1646, 970, 201, 987
128, 144, 1720, 160, 1646, 970, 201, 987
128, 144, 1720, 160, 1646, 970, 201, 987
128, 145, 1720, 160, 1646, 969, 202, 986
130, 146, 1720, 160, 1646, 969, 202, 986
131, 146, 1720, 160, 1645, 969, 203, 986
131, 146, 1720, 160, 1645, 969, 203, 986
131, 146, 1720, 160, 1645, 969, 203, 986
131, 146, 1720, 160, 1645, 969, 203, 986
130, 146, 1720, 160, 1644, 969, 202, 986
131, 146, 1720, 160, 1644, 969, 202, 986
132, 146, 1720, 160, 1643, 969, 203, 986
132, 146, 1720, 160, 1643, 969, 203, 986
132, 146, 1720, 160, 1643, 969, 203, 986
132, 146, 1720, 160, 1643, 969, 203, 986
132, 146, 1720, 160, 1643, 969, 203, 986
132, 146, 1720, 160, 1643, 969, 203, 986
132, 146, 1720, 160, 1643, 969, 203, 986
132, 146, 1720, 160, 1643, 969, 203, 986
132, 146, 1720, 160, 1643, 969, 203, 986
132, 146, 1720, 160, 1643, 969, 203, 986
132, 146, 1720, 160, 1643, 969, 203, 986
132, 146, 1720, 160, 1643, 969, 203, 986
132, 146, 1720, 160, 1643, 969, 203, 986
132, 146, 1720, 160, 1643, 969, 203, 986
132, 146, 1720, 160, 1643, 969, 203, 986
132, 146, 1720, 160, 1643, 969, 203, 986
132, 146, 1720, 160, 1643, 969, 203, 986
132, 146, 1720, 160, 1643, 969, 203, 986
132, 146, 1720, 160, 1643, 969, 203, 986
132, 146, 1720, 160, 1643, 969, 203, 986
132, 146, 1720, 160, 1643, 969, 203, 986
132, 146, 1720, 160, 1643, 969, 203, 986
132, 146, 1720, 160, 1643, 969, 203, 986
132, 146, 1720, 160, 1643, 969, 203, 986
132, 146, 1720, 160, 1643, 969, 203, 986
132, 146, 1720, 160, 1643, 969, 203, 986
132, 146, 1720, 160, 1643, 969, 203, 986
132, 146, 1720, 160, 1643, 969, 203, 986
132, 146, 1719, 168, 1643, 969, 203, 986
132, 146, 1719, 168, 1643, 969, 203, 986
132, 146, 1719, 168, 1643, 969, 203, 986
132, 146, 1719, 168, 1643, 969, 203, 986
132, 146, 1719, 168, 1643, 969, 203, 986
132, 146, 1719, 168, 1643, 969, 203, 986
132, 146, 1719, 168, 1643, 969, 203, 986
132, 146, 1719, 168, 1643, 969, 203, 986
132, 146, 1719, 168, 1643, 969, 203, 986
132, 146, 1719, 168, 1643, 969, 203, 986
132, 146, 1719, 168, 1643, 969, 203, 986
132, 146, 1719, 168, 1643, 969, 203, 986
132, 146, 1719, 168, 1643, 969, 203, 986
132, 146, 1719, 168, 1643, 969, 203, 986
132, 146, 1719, 168, 1643, 969, 203, 986
132, 146, 1719, 168, 1643, 969, 203, 986
132, 146, 1719, 168, 1643, 969, 203, 986
132, 146, 1719, 168, 1643, 969, 203, 986
132, 146, 1719, 168, 1643, 969, 203, 986
132, 146, 1719, 168, 1643, 969, 203, 986
132, 146, 1719, 168, 1643, 969, 203, 986
132, 146, 1719, 168, 1643, 969, 203, 986
132, 146, 1719, 168, 1643, 969, 203, 986
132, 146, 1719, 168, 1643, 969, 203, 986
132, 146, 1719, 168, 1643, 969, 203, 986
132, 146, 1719, 168, 1643, 969, 203, 986
132, 146, 1719, 168, 1643, 969, 203, 986
132, 146, 1719, 168, 1643, 969, 203, 986
132, 146, 1719, 168, 1643, 969, 203, 986
132, 146, 1719, 168, 1643, 969, 203, 986
132, 146, 1719, 168, 1643, 969, 203, 986
132, 146, 1719, 168, 1643, 969, 203, 986
132, 146, 1719, 168, 1643, 969, 203, 986
132, 146, 1719, 168, 1643, 969, 203, 986
132, 146, 1719, 168, 1643, 969, 203, 986
132, 146, 1719, 168, 1643, 969, 203, 986
132, 146, 1719, 168, 1643, 969, 203, 986
132, 146, 1719, 168, 1643, 969, 203, 986
132, 146, 1719, 168, 1643, 969, 203, 986
132, 146, 1719, 168, 1643, 969, 203, 986
132, 146, 1719, 168, 1643, 969, 203, 986
132, 146, 1719, 168, 1643, 969, 203, 986
132, 146, 1719, 168, 1643, 969, 203, 986
132, 146, 1719, 168, 1643, 969, 203, 986
133, 146, 1719, 168, 1644, 969, 203, 986
132, 145, 1719, 168, 1644, 969, 203, 986
131, 144, 1719, 168, 1644, 969, 202, 986
129, 143, 1719, 168, 1644, 969, 202, 986
129, 143, 1719, 168, 1644, 969, 202, 986
129, 143, 1719, 168, 1644, 969, 202, 986
129, 144, 1722, 158, 1647, 972, 202, 986
130, 144, 1722, 158, 1647, 972, 202, 986
130, 144, 1722, 158, 1647, 972, 203, 986
131, 144, 1722, 158, 1647, 972, 203, 986
131, 144, 1722, 158, 1647, 972, 203, 986
131, 144, 1722, 158, 1647, 972, 203, 986
132, 144, 1722, 158, 1647, 972, 204, 986
132, 144, 1722, 158, 1647, 972, 204, 986
131, 144, 1722, 158, 1646, 972, 203, 986
131, 144, 1722, 158, 1646, 972, 203, 986
131, 144, 1722, 158, 1646, 972, 203, 986
131, 144, 1722, 158, 1646, 972, 203, 986
131, 144, 1722, 158, 1646, 972, 203, 986
131, 144, 1722, 158, 1646, 972, 203, 986
131, 144, 1722, 158, 1646, 972, 203, 986
131, 144, 1722, 158, 1646, 972, 203, 986
131, 144, 1722, 158, 1646, 972, 203, 986
131, 144, 1722, 158, 1646, 972, 203, 986
131, 144, 1722, 158, 1646, 972, 203, 986
131, 144, 1722, 158, 1646, 972, 203, 986
131, 144, 1722, 158, 1646, 972, 203, 986
131, 144, 1722, 158, 1646, 972, 203, 986
131, 144, 1722, 158, 1646, 972, 203, 986
131, 144, 1722, 158, 1646, 972, 203, 986
131, 144, 1722, 158, 1646, 972, 203, 986
131, 144, 1722, 158, 1646, 972, 203, 986
131, 144, 1722, 158, 1646, 972, 203, 986
131, 144, 1722, 158, 1646, 972, 203, 986
131, 144, 1722, 158, 1646, 972, 203, 986
131, 144, 1722, 158, 1646, 972, 203, 986
131, 144, 1722, 158, 1646, 972, 203, 986
131, 144, 1722, 158, 1646, 972, 203, 986
131, 144, 1722, 158, 1646, 972, 203, 986
131, 144, 1722, 158, 1646, 972, 203, 986
131, 144, 1722, 158, 1646, 972, 203, 986
131, 144, 1722, 158, 1646, 972, 203, 986
131, 144, 1722, 158, 1646, 972, 203, 986
131, 144, 1722, 158, 1646, 972, 203, 986
131, 144, 1722, 158, 1646, 972, 203, 986
131, 144, 1722, 158, 1646, 972, 203, 986
131, 144, 1722, 158, 1646, 972, 203, 986
131, 144, 1722, 158, 1646, 972, 203, 986
131, 144, 1722, 158, 1646, 972, 203, 986
131, 144, 1722, 158, 1646, 972, 203, 986
131, 144, 1722, 158, 1646, 972, 203, 986
131, 144, 1722, 158, 1646, 972, 203, 986
131, 144, 1722, 158, 1646, 972, 203, 986
131, 144, 1722, 158, 1646, 972, 203, 986
131, 144, 1722, 158, 1646, 972, 203, 986
131, 144, 1722, 158, 1646, 972, 203, 986
131, 144, 1719, 160, 1645, 969, 203, 986
131, 144, 1719, 160, 1645, 969, 203, 986
131, 144, 1719, 160, 1645, 969, 203, 986
131, 144, 1719, 160, 1645, 969, 203, 986
131, 144, 1719, 160, 1645, 969, 203, 986
131, 144, 1719, 160, 1645, 969, 203, 986
131, 144, 1719, 160, 1645, 969, 203, 986
131, 144, 1719, 160, 1645, 969, 203, 986
131, 144, 1719, 160, 1645, 969, 203, 986
131, 144, 1719, 160, 1645, 969, 203, 986
131, 144, 1719, 160, 1645, 969, 203, 986
131, 144, 1719, 160, 1645, 969, 203, 986
131, 144, 1719, 160, 1645, 969, 203, 986
131, 144, 1719, 160, 1645, 969, 203, 986
131, 144, 1719, 160, 1645, 969, 203, 986
131, 144, 1719, 160, 1645, 969, 203, 986
131, 144, 1719, 160, 1645, 969, 203, 986
131, 144, 1719, 160, 1645, 969, 203, 986
131, 144, 1719, 160, 1645, 969, 203, 986
131, 144, 1719, 160, 1645, 969, 203, 986
131, 144, 1719, 160, 1645, 969, 203, 986
131, 144, 1719, 160, 1645, 969, 203, 986
131, 144, 1719, 160, 1645, 969, 203, 986
131, 144, 1719, 160, 1645, 969, 203, 986
131, 144, 1719, 160, 1645, 969, 203, 986
131, 144, 1719, 160, 1645, 969, 203, 986
131, 144, 1719, 160, 1645, 969, 203, 986
131, 144, 1719, 160, 1645, 969, 203, 986
131, 144, 1719, 160, 1645, 969, 203, 986
131, 144, 1719, 160, 1645, 969, 203, 986
131, 144, 1719, 160, 1645, 969, 203, 986
131, 144, 1719, 160, 1645, 969, 203, 986
131, 144, 1719, 160, 1645, 969, 203, 986
131, 144, 1719, 160, 1645, 969, 203, 986
131, 144, 1719, 160, 1645, 969, 203, 986
131, 144, 1719, 160, 1645, 969, 203, 986
131, 144, 1719, 160, 1645, 969, 203, 986
131, 144, 1719, 160, 1645, 969, 203, 986
131, 144, 1719, 160, 1645, 969, 203, 986
131, 144, 1719, 160, 1645, 969, 203, 986
131, 144, 1719, 160, 1645, 969, 203, 986
131, 144, 1719, 160, 1645, 969, 203, 986
131, 144, 1719, 160, 1645, 969, 203, 986
131, 144, 1719, 160, 1645, 969, 203, 986
131, 144, 1719, 160, 1645, 969, 203, 986
131, 144, 1719, 160, 1645, 969, 203, 986
131, 144, 1719, 160, 1645, 969, 203, 986
131, 144, 1719, 160, 1645, 969, 203, 986
131, 144, 1719, 160, 1645, 969, 203, 986
131, 144, 1719, 160, 1645, 969, 203, 986
